source name	characteristics[organism]	characteristics[organism part]	characteristics[cell type]	characteristics[disease]	characteristics[enrichment process]	characteristics[developmental stage]	characteristics[sex]	characteristics[biological replicate]	assay name	technology type	comment[proteomics data acquisition method]	comment[label]	comment[instrument]	comment[instrument]	comment[modification parameters]	comment[modification parameters]	comment[modification parameters]	comment[modification parameters]	comment[modification parameters]	comment[modification parameters]	comment[modification parameters]	comment[cleavage agent details]	comment[dissociation method]	comment[precursor mass tolerance]	comment[fragment mass tolerance]	comment[collision energy]	comment[fraction identifier]	comment[technical replicate]	comment[data file]	comment[file uri]	comment[sdrf version]	comment[sdrf template]	comment[sdrf annotation tool]	factor value[organism part]
S6-E	pimephales promelas	brain	not applicable	Disease free	enrichment of phosphorylated protein	9 months	male	1	S6-E	proteomic profiling by mass spectrometry	NT=Data-dependent acquisition;AC=PRIDE:0000627	NT=label free sample;AC=MS:1002038	NT=q exactive plus;AC=MS:1002634	NT=ltq orbitrap;AC=MS:1000449	NT=Carbamidomethyl;AC=UNIMOD:4;TA=C;MT=Fixed	NT=Phospho;AC=UNIMOD:21;TA=S,T,Y;MT=Variable	NT=Oxidation;AC=UNIMOD:35;TA=M;MT=Variable	NT=Deamidated;AC=UNIMOD:7;TA=NQ;MT=Variable	NT=Gln->pyro-Glu;AC=UNIMOD:28;TA=Q;MT=Variable	NT=Glu->pyro-Glu;AC=UNIMOD:27;TA=E;MT=Variable	NT=Dimethyl;AC=UNIMOD:36;TA=K;MT=Variable	NT=Trypsin;AC=MS:1001251	NT=collision-induced dissociation;AC=MS:1000133	10.0 ppm	0.50 Da	35% NCE	1	1	S6-E.RAW	ftp://ftp.pride.ebi.ac.uk/pride/data/archive/2018/07/PXD007714/S6-E.RAW	v1.1.0	NT=ms-proteomics;VV=v1.1.0	manual curation	brain
S4-FT	pimephales promelas	brain	not applicable	Disease free	enrichment of phosphorylated protein	9 months	male	1	S4-FT	proteomic profiling by mass spectrometry	NT=Data-dependent acquisition;AC=PRIDE:0000627	NT=label free sample;AC=MS:1002038	NT=q exactive plus;AC=MS:1002634	NT=ltq orbitrap;AC=MS:1000449	NT=Carbamidomethyl;AC=UNIMOD:4;TA=C;MT=Fixed	NT=Phospho;AC=UNIMOD:21;TA=S,T,Y;MT=Variable	NT=Oxidation;AC=UNIMOD:35;TA=M;MT=Variable	NT=Deamidated;AC=UNIMOD:7;TA=NQ;MT=Variable	NT=Gln->pyro-Glu;AC=UNIMOD:28;TA=Q;MT=Variable	NT=Glu->pyro-Glu;AC=UNIMOD:27;TA=E;MT=Variable	NT=Dimethyl;AC=UNIMOD:36;TA=K;MT=Variable	NT=Trypsin;AC=MS:1001251	NT=collision-induced dissociation;AC=MS:1000133	10.0 ppm	0.50 Da	35% NCE	1	1	S4-FT.RAW	ftp://ftp.pride.ebi.ac.uk/pride/data/archive/2018/07/PXD007714/S4-FT.RAW	v1.1.0	NT=ms-proteomics;VV=v1.1.0	manual curation	brain
S8-E	pimephales promelas	brain	not applicable	Disease free	enrichment of phosphorylated protein	9 months	male	1	S8-E	proteomic profiling by mass spectrometry	NT=Data-dependent acquisition;AC=PRIDE:0000627	NT=label free sample;AC=MS:1002038	NT=q exactive plus;AC=MS:1002634	NT=ltq orbitrap;AC=MS:1000449	NT=Carbamidomethyl;AC=UNIMOD:4;TA=C;MT=Fixed	NT=Phospho;AC=UNIMOD:21;TA=S,T,Y;MT=Variable	NT=Oxidation;AC=UNIMOD:35;TA=M;MT=Variable	NT=Deamidated;AC=UNIMOD:7;TA=NQ;MT=Variable	NT=Gln->pyro-Glu;AC=UNIMOD:28;TA=Q;MT=Variable	NT=Glu->pyro-Glu;AC=UNIMOD:27;TA=E;MT=Variable	NT=Dimethyl;AC=UNIMOD:36;TA=K;MT=Variable	NT=Trypsin;AC=MS:1001251	NT=collision-induced dissociation;AC=MS:1000133	10.0 ppm	0.50 Da	35% NCE	1	1	S8-E.RAW	ftp://ftp.pride.ebi.ac.uk/pride/data/archive/2018/07/PXD007714/S8-E.RAW	v1.1.0	NT=ms-proteomics;VV=v1.1.0	manual curation	brain
S3-FT	pimephales promelas	brain	not applicable	Disease free	enrichment of phosphorylated protein	9 months	male	1	S3-FT	proteomic profiling by mass spectrometry	NT=Data-dependent acquisition;AC=PRIDE:0000627	NT=label free sample;AC=MS:1002038	NT=q exactive plus;AC=MS:1002634	NT=ltq orbitrap;AC=MS:1000449	NT=Carbamidomethyl;AC=UNIMOD:4;TA=C;MT=Fixed	NT=Phospho;AC=UNIMOD:21;TA=S,T,Y;MT=Variable	NT=Oxidation;AC=UNIMOD:35;TA=M;MT=Variable	NT=Deamidated;AC=UNIMOD:7;TA=NQ;MT=Variable	NT=Gln->pyro-Glu;AC=UNIMOD:28;TA=Q;MT=Variable	NT=Glu->pyro-Glu;AC=UNIMOD:27;TA=E;MT=Variable	NT=Dimethyl;AC=UNIMOD:36;TA=K;MT=Variable	NT=Trypsin;AC=MS:1001251	NT=collision-induced dissociation;AC=MS:1000133	10.0 ppm	0.50 Da	35% NCE	1	1	S3-FT.RAW	ftp://ftp.pride.ebi.ac.uk/pride/data/archive/2018/07/PXD007714/S3-FT.RAW	v1.1.0	NT=ms-proteomics;VV=v1.1.0	manual curation	brain
S6	pimephales promelas	brain	not applicable	Disease free	enrichment of phosphorylated protein	9 months	male	1	S6	proteomic profiling by mass spectrometry	NT=Data-dependent acquisition;AC=PRIDE:0000627	NT=label free sample;AC=MS:1002038	NT=q exactive plus;AC=MS:1002634	NT=ltq orbitrap;AC=MS:1000449	NT=Carbamidomethyl;AC=UNIMOD:4;TA=C;MT=Fixed	NT=Phospho;AC=UNIMOD:21;TA=S,T,Y;MT=Variable	NT=Oxidation;AC=UNIMOD:35;TA=M;MT=Variable	NT=Deamidated;AC=UNIMOD:7;TA=NQ;MT=Variable	NT=Gln->pyro-Glu;AC=UNIMOD:28;TA=Q;MT=Variable	NT=Glu->pyro-Glu;AC=UNIMOD:27;TA=E;MT=Variable	NT=Dimethyl;AC=UNIMOD:36;TA=K;MT=Variable	NT=Trypsin;AC=MS:1001251	NT=collision-induced dissociation;AC=MS:1000133	10.0 ppm	0.50 Da	35% NCE	1	1	S6.raw	ftp://ftp.pride.ebi.ac.uk/pride/data/archive/2018/07/PXD007714/S6.raw	v1.1.0	NT=ms-proteomics;VV=v1.1.0	manual curation	brain
QC-E	pimephales promelas	brain	not applicable	Disease free	enrichment of phosphorylated protein	9 months	male	1	QC-E	proteomic profiling by mass spectrometry	NT=Data-dependent acquisition;AC=PRIDE:0000627	NT=label free sample;AC=MS:1002038	NT=q exactive plus;AC=MS:1002634	NT=ltq orbitrap;AC=MS:1000449	NT=Carbamidomethyl;AC=UNIMOD:4;TA=C;MT=Fixed	NT=Phospho;AC=UNIMOD:21;TA=S,T,Y;MT=Variable	NT=Oxidation;AC=UNIMOD:35;TA=M;MT=Variable	NT=Deamidated;AC=UNIMOD:7;TA=NQ;MT=Variable	NT=Gln->pyro-Glu;AC=UNIMOD:28;TA=Q;MT=Variable	NT=Glu->pyro-Glu;AC=UNIMOD:27;TA=E;MT=Variable	NT=Dimethyl;AC=UNIMOD:36;TA=K;MT=Variable	NT=Trypsin;AC=MS:1001251	NT=collision-induced dissociation;AC=MS:1000133	10.0 ppm	0.50 Da	35% NCE	1	1	QC-E.raw	ftp://ftp.pride.ebi.ac.uk/pride/data/archive/2018/07/PXD007714/QC-E.raw	v1.1.0	NT=ms-proteomics;VV=v1.1.0	manual curation	brain
S7-FT	pimephales promelas	brain	not applicable	Disease free	enrichment of phosphorylated protein	9 months	male	1	S7-FT	proteomic profiling by mass spectrometry	NT=Data-dependent acquisition;AC=PRIDE:0000627	NT=label free sample;AC=MS:1002038	NT=q exactive plus;AC=MS:1002634	NT=ltq orbitrap;AC=MS:1000449	NT=Carbamidomethyl;AC=UNIMOD:4;TA=C;MT=Fixed	NT=Phospho;AC=UNIMOD:21;TA=S,T,Y;MT=Variable	NT=Oxidation;AC=UNIMOD:35;TA=M;MT=Variable	NT=Deamidated;AC=UNIMOD:7;TA=NQ;MT=Variable	NT=Gln->pyro-Glu;AC=UNIMOD:28;TA=Q;MT=Variable	NT=Glu->pyro-Glu;AC=UNIMOD:27;TA=E;MT=Variable	NT=Dimethyl;AC=UNIMOD:36;TA=K;MT=Variable	NT=Trypsin;AC=MS:1001251	NT=collision-induced dissociation;AC=MS:1000133	10.0 ppm	0.50 Da	35% NCE	1	1	S7-FT.raw	ftp://ftp.pride.ebi.ac.uk/pride/data/archive/2018/07/PXD007714/S7-FT.raw	v1.1.0	NT=ms-proteomics;VV=v1.1.0	manual curation	brain
S2	pimephales promelas	brain	not applicable	Disease free	enrichment of phosphorylated protein	9 months	male	1	S2	proteomic profiling by mass spectrometry	NT=Data-dependent acquisition;AC=PRIDE:0000627	NT=label free sample;AC=MS:1002038	NT=q exactive plus;AC=MS:1002634	NT=ltq orbitrap;AC=MS:1000449	NT=Carbamidomethyl;AC=UNIMOD:4;TA=C;MT=Fixed	NT=Phospho;AC=UNIMOD:21;TA=S,T,Y;MT=Variable	NT=Oxidation;AC=UNIMOD:35;TA=M;MT=Variable	NT=Deamidated;AC=UNIMOD:7;TA=NQ;MT=Variable	NT=Gln->pyro-Glu;AC=UNIMOD:28;TA=Q;MT=Variable	NT=Glu->pyro-Glu;AC=UNIMOD:27;TA=E;MT=Variable	NT=Dimethyl;AC=UNIMOD:36;TA=K;MT=Variable	NT=Trypsin;AC=MS:1001251	NT=collision-induced dissociation;AC=MS:1000133	10.0 ppm	0.50 Da	35% NCE	1	1	S2.raw	ftp://ftp.pride.ebi.ac.uk/pride/data/archive/2018/07/PXD007714/S2.raw	v1.1.0	NT=ms-proteomics;VV=v1.1.0	manual curation	brain
S4-E	pimephales promelas	brain	not applicable	Disease free	enrichment of phosphorylated protein	9 months	male	1	S4-E	proteomic profiling by mass spectrometry	NT=Data-dependent acquisition;AC=PRIDE:0000627	NT=label free sample;AC=MS:1002038	NT=q exactive plus;AC=MS:1002634	NT=ltq orbitrap;AC=MS:1000449	NT=Carbamidomethyl;AC=UNIMOD:4;TA=C;MT=Fixed	NT=Phospho;AC=UNIMOD:21;TA=S,T,Y;MT=Variable	NT=Oxidation;AC=UNIMOD:35;TA=M;MT=Variable	NT=Deamidated;AC=UNIMOD:7;TA=NQ;MT=Variable	NT=Gln->pyro-Glu;AC=UNIMOD:28;TA=Q;MT=Variable	NT=Glu->pyro-Glu;AC=UNIMOD:27;TA=E;MT=Variable	NT=Dimethyl;AC=UNIMOD:36;TA=K;MT=Variable	NT=Trypsin;AC=MS:1001251	NT=collision-induced dissociation;AC=MS:1000133	10.0 ppm	0.50 Da	35% NCE	1	1	S4-E.RAW	ftp://ftp.pride.ebi.ac.uk/pride/data/archive/2018/07/PXD007714/S4-E.RAW	v1.1.0	NT=ms-proteomics;VV=v1.1.0	manual curation	brain
S5-FT	pimephales promelas	brain	not applicable	Disease free	enrichment of phosphorylated protein	9 months	male	1	S5-FT	proteomic profiling by mass spectrometry	NT=Data-dependent acquisition;AC=PRIDE:0000627	NT=label free sample;AC=MS:1002038	NT=q exactive plus;AC=MS:1002634	NT=ltq orbitrap;AC=MS:1000449	NT=Carbamidomethyl;AC=UNIMOD:4;TA=C;MT=Fixed	NT=Phospho;AC=UNIMOD:21;TA=S,T,Y;MT=Variable	NT=Oxidation;AC=UNIMOD:35;TA=M;MT=Variable	NT=Deamidated;AC=UNIMOD:7;TA=NQ;MT=Variable	NT=Gln->pyro-Glu;AC=UNIMOD:28;TA=Q;MT=Variable	NT=Glu->pyro-Glu;AC=UNIMOD:27;TA=E;MT=Variable	NT=Dimethyl;AC=UNIMOD:36;TA=K;MT=Variable	NT=Trypsin;AC=MS:1001251	NT=collision-induced dissociation;AC=MS:1000133	10.0 ppm	0.50 Da	35% NCE	1	1	S5-FT.RAW	ftp://ftp.pride.ebi.ac.uk/pride/data/archive/2018/07/PXD007714/S5-FT.RAW	v1.1.0	NT=ms-proteomics;VV=v1.1.0	manual curation	brain
S9	pimephales promelas	brain	not applicable	Disease free	enrichment of phosphorylated protein	9 months	male	1	S9	proteomic profiling by mass spectrometry	NT=Data-dependent acquisition;AC=PRIDE:0000627	NT=label free sample;AC=MS:1002038	NT=q exactive plus;AC=MS:1002634	NT=ltq orbitrap;AC=MS:1000449	NT=Carbamidomethyl;AC=UNIMOD:4;TA=C;MT=Fixed	NT=Phospho;AC=UNIMOD:21;TA=S,T,Y;MT=Variable	NT=Oxidation;AC=UNIMOD:35;TA=M;MT=Variable	NT=Deamidated;AC=UNIMOD:7;TA=NQ;MT=Variable	NT=Gln->pyro-Glu;AC=UNIMOD:28;TA=Q;MT=Variable	NT=Glu->pyro-Glu;AC=UNIMOD:27;TA=E;MT=Variable	NT=Dimethyl;AC=UNIMOD:36;TA=K;MT=Variable	NT=Trypsin;AC=MS:1001251	NT=collision-induced dissociation;AC=MS:1000133	10.0 ppm	0.50 Da	35% NCE	1	1	S9.raw	ftp://ftp.pride.ebi.ac.uk/pride/data/archive/2018/07/PXD007714/S9.raw	v1.1.0	NT=ms-proteomics;VV=v1.1.0	manual curation	brain
S1-E	pimephales promelas	brain	not applicable	Disease free	enrichment of phosphorylated protein	9 months	male	1	S1-E	proteomic profiling by mass spectrometry	NT=Data-dependent acquisition;AC=PRIDE:0000627	NT=label free sample;AC=MS:1002038	NT=q exactive plus;AC=MS:1002634	NT=ltq orbitrap;AC=MS:1000449	NT=Carbamidomethyl;AC=UNIMOD:4;TA=C;MT=Fixed	NT=Phospho;AC=UNIMOD:21;TA=S,T,Y;MT=Variable	NT=Oxidation;AC=UNIMOD:35;TA=M;MT=Variable	NT=Deamidated;AC=UNIMOD:7;TA=NQ;MT=Variable	NT=Gln->pyro-Glu;AC=UNIMOD:28;TA=Q;MT=Variable	NT=Glu->pyro-Glu;AC=UNIMOD:27;TA=E;MT=Variable	NT=Dimethyl;AC=UNIMOD:36;TA=K;MT=Variable	NT=Trypsin;AC=MS:1001251	NT=collision-induced dissociation;AC=MS:1000133	10.0 ppm	0.50 Da	35% NCE	1	1	S1-E.RAW	ftp://ftp.pride.ebi.ac.uk/pride/data/archive/2018/07/PXD007714/S1-E.RAW	v1.1.0	NT=ms-proteomics;VV=v1.1.0	manual curation	brain
S1-FT	pimephales promelas	brain	not applicable	Disease free	enrichment of phosphorylated protein	9 months	male	1	S1-FT	proteomic profiling by mass spectrometry	NT=Data-dependent acquisition;AC=PRIDE:0000627	NT=label free sample;AC=MS:1002038	NT=q exactive plus;AC=MS:1002634	NT=ltq orbitrap;AC=MS:1000449	NT=Carbamidomethyl;AC=UNIMOD:4;TA=C;MT=Fixed	NT=Phospho;AC=UNIMOD:21;TA=S,T,Y;MT=Variable	NT=Oxidation;AC=UNIMOD:35;TA=M;MT=Variable	NT=Deamidated;AC=UNIMOD:7;TA=NQ;MT=Variable	NT=Gln->pyro-Glu;AC=UNIMOD:28;TA=Q;MT=Variable	NT=Glu->pyro-Glu;AC=UNIMOD:27;TA=E;MT=Variable	NT=Dimethyl;AC=UNIMOD:36;TA=K;MT=Variable	NT=Trypsin;AC=MS:1001251	NT=collision-induced dissociation;AC=MS:1000133	10.0 ppm	0.50 Da	35% NCE	1	1	S1-FT.RAW	ftp://ftp.pride.ebi.ac.uk/pride/data/archive/2018/07/PXD007714/S1-FT.RAW	v1.1.0	NT=ms-proteomics;VV=v1.1.0	manual curation	brain
QC-FT	pimephales promelas	brain	not applicable	Disease free	enrichment of phosphorylated protein	9 months	male	1	QC-FT	proteomic profiling by mass spectrometry	NT=Data-dependent acquisition;AC=PRIDE:0000627	NT=label free sample;AC=MS:1002038	NT=q exactive plus;AC=MS:1002634	NT=ltq orbitrap;AC=MS:1000449	NT=Carbamidomethyl;AC=UNIMOD:4;TA=C;MT=Fixed	NT=Phospho;AC=UNIMOD:21;TA=S,T,Y;MT=Variable	NT=Oxidation;AC=UNIMOD:35;TA=M;MT=Variable	NT=Deamidated;AC=UNIMOD:7;TA=NQ;MT=Variable	NT=Gln->pyro-Glu;AC=UNIMOD:28;TA=Q;MT=Variable	NT=Glu->pyro-Glu;AC=UNIMOD:27;TA=E;MT=Variable	NT=Dimethyl;AC=UNIMOD:36;TA=K;MT=Variable	NT=Trypsin;AC=MS:1001251	NT=collision-induced dissociation;AC=MS:1000133	10.0 ppm	0.50 Da	35% NCE	1	1	QC-FT.raw	ftp://ftp.pride.ebi.ac.uk/pride/data/archive/2018/07/PXD007714/QC-FT.raw	v1.1.0	NT=ms-proteomics;VV=v1.1.0	manual curation	brain
S1a	pimephales promelas	brain	not applicable	Disease free	enrichment of phosphorylated protein	9 months	male	1	S1a	proteomic profiling by mass spectrometry	NT=Data-dependent acquisition;AC=PRIDE:0000627	NT=label free sample;AC=MS:1002038	NT=q exactive plus;AC=MS:1002634	NT=ltq orbitrap;AC=MS:1000449	NT=Carbamidomethyl;AC=UNIMOD:4;TA=C;MT=Fixed	NT=Phospho;AC=UNIMOD:21;TA=S,T,Y;MT=Variable	NT=Oxidation;AC=UNIMOD:35;TA=M;MT=Variable	NT=Deamidated;AC=UNIMOD:7;TA=NQ;MT=Variable	NT=Gln->pyro-Glu;AC=UNIMOD:28;TA=Q;MT=Variable	NT=Glu->pyro-Glu;AC=UNIMOD:27;TA=E;MT=Variable	NT=Dimethyl;AC=UNIMOD:36;TA=K;MT=Variable	NT=Trypsin;AC=MS:1001251	NT=collision-induced dissociation;AC=MS:1000133	10.0 ppm	0.50 Da	35% NCE	1	1	S1a.raw	ftp://ftp.pride.ebi.ac.uk/pride/data/archive/2018/07/PXD007714/S1a.raw	v1.1.0	NT=ms-proteomics;VV=v1.1.0	manual curation	brain
S6-FT	pimephales promelas	brain	not applicable	Disease free	enrichment of phosphorylated protein	9 months	male	1	S6-FT	proteomic profiling by mass spectrometry	NT=Data-dependent acquisition;AC=PRIDE:0000627	NT=label free sample;AC=MS:1002038	NT=q exactive plus;AC=MS:1002634	NT=ltq orbitrap;AC=MS:1000449	NT=Carbamidomethyl;AC=UNIMOD:4;TA=C;MT=Fixed	NT=Phospho;AC=UNIMOD:21;TA=S,T,Y;MT=Variable	NT=Oxidation;AC=UNIMOD:35;TA=M;MT=Variable	NT=Deamidated;AC=UNIMOD:7;TA=NQ;MT=Variable	NT=Gln->pyro-Glu;AC=UNIMOD:28;TA=Q;MT=Variable	NT=Glu->pyro-Glu;AC=UNIMOD:27;TA=E;MT=Variable	NT=Dimethyl;AC=UNIMOD:36;TA=K;MT=Variable	NT=Trypsin;AC=MS:1001251	NT=collision-induced dissociation;AC=MS:1000133	10.0 ppm	0.50 Da	35% NCE	1	1	S6-FT.raw	ftp://ftp.pride.ebi.ac.uk/pride/data/archive/2018/07/PXD007714/S6-FT.raw	v1.1.0	NT=ms-proteomics;VV=v1.1.0	manual curation	brain
S3-E	pimephales promelas	brain	not applicable	Disease free	enrichment of phosphorylated protein	9 months	male	1	S3-E	proteomic profiling by mass spectrometry	NT=Data-dependent acquisition;AC=PRIDE:0000627	NT=label free sample;AC=MS:1002038	NT=q exactive plus;AC=MS:1002634	NT=ltq orbitrap;AC=MS:1000449	NT=Carbamidomethyl;AC=UNIMOD:4;TA=C;MT=Fixed	NT=Phospho;AC=UNIMOD:21;TA=S,T,Y;MT=Variable	NT=Oxidation;AC=UNIMOD:35;TA=M;MT=Variable	NT=Deamidated;AC=UNIMOD:7;TA=NQ;MT=Variable	NT=Gln->pyro-Glu;AC=UNIMOD:28;TA=Q;MT=Variable	NT=Glu->pyro-Glu;AC=UNIMOD:27;TA=E;MT=Variable	NT=Dimethyl;AC=UNIMOD:36;TA=K;MT=Variable	NT=Trypsin;AC=MS:1001251	NT=collision-induced dissociation;AC=MS:1000133	10.0 ppm	0.50 Da	35% NCE	1	1	S3-E.RAW	ftp://ftp.pride.ebi.ac.uk/pride/data/archive/2018/07/PXD007714/S3-E.RAW	v1.1.0	NT=ms-proteomics;VV=v1.1.0	manual curation	brain
S1	pimephales promelas	brain	not applicable	Disease free	enrichment of phosphorylated protein	9 months	male	1	S1	proteomic profiling by mass spectrometry	NT=Data-dependent acquisition;AC=PRIDE:0000627	NT=label free sample;AC=MS:1002038	NT=q exactive plus;AC=MS:1002634	NT=ltq orbitrap;AC=MS:1000449	NT=Carbamidomethyl;AC=UNIMOD:4;TA=C;MT=Fixed	NT=Phospho;AC=UNIMOD:21;TA=S,T,Y;MT=Variable	NT=Oxidation;AC=UNIMOD:35;TA=M;MT=Variable	NT=Deamidated;AC=UNIMOD:7;TA=NQ;MT=Variable	NT=Gln->pyro-Glu;AC=UNIMOD:28;TA=Q;MT=Variable	NT=Glu->pyro-Glu;AC=UNIMOD:27;TA=E;MT=Variable	NT=Dimethyl;AC=UNIMOD:36;TA=K;MT=Variable	NT=Trypsin;AC=MS:1001251	NT=collision-induced dissociation;AC=MS:1000133	10.0 ppm	0.50 Da	35% NCE	1	1	S1.raw	ftp://ftp.pride.ebi.ac.uk/pride/data/archive/2018/07/PXD007714/S1.raw	v1.1.0	NT=ms-proteomics;VV=v1.1.0	manual curation	brain
S8-FT	pimephales promelas	brain	not applicable	Disease free	enrichment of phosphorylated protein	9 months	male	1	S8-FT	proteomic profiling by mass spectrometry	NT=Data-dependent acquisition;AC=PRIDE:0000627	NT=label free sample;AC=MS:1002038	NT=q exactive plus;AC=MS:1002634	NT=ltq orbitrap;AC=MS:1000449	NT=Carbamidomethyl;AC=UNIMOD:4;TA=C;MT=Fixed	NT=Phospho;AC=UNIMOD:21;TA=S,T,Y;MT=Variable	NT=Oxidation;AC=UNIMOD:35;TA=M;MT=Variable	NT=Deamidated;AC=UNIMOD:7;TA=NQ;MT=Variable	NT=Gln->pyro-Glu;AC=UNIMOD:28;TA=Q;MT=Variable	NT=Glu->pyro-Glu;AC=UNIMOD:27;TA=E;MT=Variable	NT=Dimethyl;AC=UNIMOD:36;TA=K;MT=Variable	NT=Trypsin;AC=MS:1001251	NT=collision-induced dissociation;AC=MS:1000133	10.0 ppm	0.50 Da	35% NCE	1	1	S8-FT.RAW	ftp://ftp.pride.ebi.ac.uk/pride/data/archive/2018/07/PXD007714/S8-FT.RAW	v1.1.0	NT=ms-proteomics;VV=v1.1.0	manual curation	brain
S2-FT	pimephales promelas	brain	not applicable	Disease free	enrichment of phosphorylated protein	9 months	male	1	S2-FT	proteomic profiling by mass spectrometry	NT=Data-dependent acquisition;AC=PRIDE:0000627	NT=label free sample;AC=MS:1002038	NT=q exactive plus;AC=MS:1002634	NT=ltq orbitrap;AC=MS:1000449	NT=Carbamidomethyl;AC=UNIMOD:4;TA=C;MT=Fixed	NT=Phospho;AC=UNIMOD:21;TA=S,T,Y;MT=Variable	NT=Oxidation;AC=UNIMOD:35;TA=M;MT=Variable	NT=Deamidated;AC=UNIMOD:7;TA=NQ;MT=Variable	NT=Gln->pyro-Glu;AC=UNIMOD:28;TA=Q;MT=Variable	NT=Glu->pyro-Glu;AC=UNIMOD:27;TA=E;MT=Variable	NT=Dimethyl;AC=UNIMOD:36;TA=K;MT=Variable	NT=Trypsin;AC=MS:1001251	NT=collision-induced dissociation;AC=MS:1000133	10.0 ppm	0.50 Da	35% NCE	1	1	S2-FT.RAW	ftp://ftp.pride.ebi.ac.uk/pride/data/archive/2018/07/PXD007714/S2-FT.RAW	v1.1.0	NT=ms-proteomics;VV=v1.1.0	manual curation	brain
S8	pimephales promelas	brain	not applicable	Disease free	enrichment of phosphorylated protein	9 months	male	1	S8	proteomic profiling by mass spectrometry	NT=Data-dependent acquisition;AC=PRIDE:0000627	NT=label free sample;AC=MS:1002038	NT=q exactive plus;AC=MS:1002634	NT=ltq orbitrap;AC=MS:1000449	NT=Carbamidomethyl;AC=UNIMOD:4;TA=C;MT=Fixed	NT=Phospho;AC=UNIMOD:21;TA=S,T,Y;MT=Variable	NT=Oxidation;AC=UNIMOD:35;TA=M;MT=Variable	NT=Deamidated;AC=UNIMOD:7;TA=NQ;MT=Variable	NT=Gln->pyro-Glu;AC=UNIMOD:28;TA=Q;MT=Variable	NT=Glu->pyro-Glu;AC=UNIMOD:27;TA=E;MT=Variable	NT=Dimethyl;AC=UNIMOD:36;TA=K;MT=Variable	NT=Trypsin;AC=MS:1001251	NT=collision-induced dissociation;AC=MS:1000133	10.0 ppm	0.50 Da	35% NCE	1	1	S8.raw	ftp://ftp.pride.ebi.ac.uk/pride/data/archive/2018/07/PXD007714/S8.raw	v1.1.0	NT=ms-proteomics;VV=v1.1.0	manual curation	brain
S2-E	pimephales promelas	brain	not applicable	Disease free	enrichment of phosphorylated protein	9 months	male	1	S2-E	proteomic profiling by mass spectrometry	NT=Data-dependent acquisition;AC=PRIDE:0000627	NT=label free sample;AC=MS:1002038	NT=q exactive plus;AC=MS:1002634	NT=ltq orbitrap;AC=MS:1000449	NT=Carbamidomethyl;AC=UNIMOD:4;TA=C;MT=Fixed	NT=Phospho;AC=UNIMOD:21;TA=S,T,Y;MT=Variable	NT=Oxidation;AC=UNIMOD:35;TA=M;MT=Variable	NT=Deamidated;AC=UNIMOD:7;TA=NQ;MT=Variable	NT=Gln->pyro-Glu;AC=UNIMOD:28;TA=Q;MT=Variable	NT=Glu->pyro-Glu;AC=UNIMOD:27;TA=E;MT=Variable	NT=Dimethyl;AC=UNIMOD:36;TA=K;MT=Variable	NT=Trypsin;AC=MS:1001251	NT=collision-induced dissociation;AC=MS:1000133	10.0 ppm	0.50 Da	35% NCE	1	1	S2-E.RAW	ftp://ftp.pride.ebi.ac.uk/pride/data/archive/2018/07/PXD007714/S2-E.RAW	v1.1.0	NT=ms-proteomics;VV=v1.1.0	manual curation	brain
S5	pimephales promelas	brain	not applicable	Disease free	enrichment of phosphorylated protein	9 months	male	1	S5	proteomic profiling by mass spectrometry	NT=Data-dependent acquisition;AC=PRIDE:0000627	NT=label free sample;AC=MS:1002038	NT=q exactive plus;AC=MS:1002634	NT=ltq orbitrap;AC=MS:1000449	NT=Carbamidomethyl;AC=UNIMOD:4;TA=C;MT=Fixed	NT=Phospho;AC=UNIMOD:21;TA=S,T,Y;MT=Variable	NT=Oxidation;AC=UNIMOD:35;TA=M;MT=Variable	NT=Deamidated;AC=UNIMOD:7;TA=NQ;MT=Variable	NT=Gln->pyro-Glu;AC=UNIMOD:28;TA=Q;MT=Variable	NT=Glu->pyro-Glu;AC=UNIMOD:27;TA=E;MT=Variable	NT=Dimethyl;AC=UNIMOD:36;TA=K;MT=Variable	NT=Trypsin;AC=MS:1001251	NT=collision-induced dissociation;AC=MS:1000133	10.0 ppm	0.50 Da	35% NCE	1	1	S5.raw	ftp://ftp.pride.ebi.ac.uk/pride/data/archive/2018/07/PXD007714/S5.raw	v1.1.0	NT=ms-proteomics;VV=v1.1.0	manual curation	brain
S7-E	pimephales promelas	brain	not applicable	Disease free	enrichment of phosphorylated protein	9 months	male	1	S7-E	proteomic profiling by mass spectrometry	NT=Data-dependent acquisition;AC=PRIDE:0000627	NT=label free sample;AC=MS:1002038	NT=q exactive plus;AC=MS:1002634	NT=ltq orbitrap;AC=MS:1000449	NT=Carbamidomethyl;AC=UNIMOD:4;TA=C;MT=Fixed	NT=Phospho;AC=UNIMOD:21;TA=S,T,Y;MT=Variable	NT=Oxidation;AC=UNIMOD:35;TA=M;MT=Variable	NT=Deamidated;AC=UNIMOD:7;TA=NQ;MT=Variable	NT=Gln->pyro-Glu;AC=UNIMOD:28;TA=Q;MT=Variable	NT=Glu->pyro-Glu;AC=UNIMOD:27;TA=E;MT=Variable	NT=Dimethyl;AC=UNIMOD:36;TA=K;MT=Variable	NT=Trypsin;AC=MS:1001251	NT=collision-induced dissociation;AC=MS:1000133	10.0 ppm	0.50 Da	35% NCE	1	1	S7-E.RAW	ftp://ftp.pride.ebi.ac.uk/pride/data/archive/2018/07/PXD007714/S7-E.RAW	v1.1.0	NT=ms-proteomics;VV=v1.1.0	manual curation	brain
S9-FT	pimephales promelas	brain	not applicable	Disease free	enrichment of phosphorylated protein	9 months	male	1	S9-FT	proteomic profiling by mass spectrometry	NT=Data-dependent acquisition;AC=PRIDE:0000627	NT=label free sample;AC=MS:1002038	NT=q exactive plus;AC=MS:1002634	NT=ltq orbitrap;AC=MS:1000449	NT=Carbamidomethyl;AC=UNIMOD:4;TA=C;MT=Fixed	NT=Phospho;AC=UNIMOD:21;TA=S,T,Y;MT=Variable	NT=Oxidation;AC=UNIMOD:35;TA=M;MT=Variable	NT=Deamidated;AC=UNIMOD:7;TA=NQ;MT=Variable	NT=Gln->pyro-Glu;AC=UNIMOD:28;TA=Q;MT=Variable	NT=Glu->pyro-Glu;AC=UNIMOD:27;TA=E;MT=Variable	NT=Dimethyl;AC=UNIMOD:36;TA=K;MT=Variable	NT=Trypsin;AC=MS:1001251	NT=collision-induced dissociation;AC=MS:1000133	10.0 ppm	0.50 Da	35% NCE	1	1	S9-FT.RAW	ftp://ftp.pride.ebi.ac.uk/pride/data/archive/2018/07/PXD007714/S9-FT.RAW	v1.1.0	NT=ms-proteomics;VV=v1.1.0	manual curation	brain
S3a	pimephales promelas	brain	not applicable	Disease free	enrichment of phosphorylated protein	9 months	male	1	S3a	proteomic profiling by mass spectrometry	NT=Data-dependent acquisition;AC=PRIDE:0000627	NT=label free sample;AC=MS:1002038	NT=q exactive plus;AC=MS:1002634	NT=ltq orbitrap;AC=MS:1000449	NT=Carbamidomethyl;AC=UNIMOD:4;TA=C;MT=Fixed	NT=Phospho;AC=UNIMOD:21;TA=S,T,Y;MT=Variable	NT=Oxidation;AC=UNIMOD:35;TA=M;MT=Variable	NT=Deamidated;AC=UNIMOD:7;TA=NQ;MT=Variable	NT=Gln->pyro-Glu;AC=UNIMOD:28;TA=Q;MT=Variable	NT=Glu->pyro-Glu;AC=UNIMOD:27;TA=E;MT=Variable	NT=Dimethyl;AC=UNIMOD:36;TA=K;MT=Variable	NT=Trypsin;AC=MS:1001251	NT=collision-induced dissociation;AC=MS:1000133	10.0 ppm	0.50 Da	35% NCE	1	1	S3a.raw	ftp://ftp.pride.ebi.ac.uk/pride/data/archive/2018/07/PXD007714/S3a.raw	v1.1.0	NT=ms-proteomics;VV=v1.1.0	manual curation	brain
S5-E	pimephales promelas	brain	not applicable	Disease free	enrichment of phosphorylated protein	9 months	male	1	S5-E	proteomic profiling by mass spectrometry	NT=Data-dependent acquisition;AC=PRIDE:0000627	NT=label free sample;AC=MS:1002038	NT=q exactive plus;AC=MS:1002634	NT=ltq orbitrap;AC=MS:1000449	NT=Carbamidomethyl;AC=UNIMOD:4;TA=C;MT=Fixed	NT=Phospho;AC=UNIMOD:21;TA=S,T,Y;MT=Variable	NT=Oxidation;AC=UNIMOD:35;TA=M;MT=Variable	NT=Deamidated;AC=UNIMOD:7;TA=NQ;MT=Variable	NT=Gln->pyro-Glu;AC=UNIMOD:28;TA=Q;MT=Variable	NT=Glu->pyro-Glu;AC=UNIMOD:27;TA=E;MT=Variable	NT=Dimethyl;AC=UNIMOD:36;TA=K;MT=Variable	NT=Trypsin;AC=MS:1001251	NT=collision-induced dissociation;AC=MS:1000133	10.0 ppm	0.50 Da	35% NCE	1	1	S5-E.RAW	ftp://ftp.pride.ebi.ac.uk/pride/data/archive/2018/07/PXD007714/S5-E.RAW	v1.1.0	NT=ms-proteomics;VV=v1.1.0	manual curation	brain
S7	pimephales promelas	brain	not applicable	Disease free	enrichment of phosphorylated protein	9 months	male	1	S7	proteomic profiling by mass spectrometry	NT=Data-dependent acquisition;AC=PRIDE:0000627	NT=label free sample;AC=MS:1002038	NT=q exactive plus;AC=MS:1002634	NT=ltq orbitrap;AC=MS:1000449	NT=Carbamidomethyl;AC=UNIMOD:4;TA=C;MT=Fixed	NT=Phospho;AC=UNIMOD:21;TA=S,T,Y;MT=Variable	NT=Oxidation;AC=UNIMOD:35;TA=M;MT=Variable	NT=Deamidated;AC=UNIMOD:7;TA=NQ;MT=Variable	NT=Gln->pyro-Glu;AC=UNIMOD:28;TA=Q;MT=Variable	NT=Glu->pyro-Glu;AC=UNIMOD:27;TA=E;MT=Variable	NT=Dimethyl;AC=UNIMOD:36;TA=K;MT=Variable	NT=Trypsin;AC=MS:1001251	NT=collision-induced dissociation;AC=MS:1000133	10.0 ppm	0.50 Da	35% NCE	1	1	S7.raw	ftp://ftp.pride.ebi.ac.uk/pride/data/archive/2018/07/PXD007714/S7.raw	v1.1.0	NT=ms-proteomics;VV=v1.1.0	manual curation	brain
S9-E	pimephales promelas	brain	not applicable	Disease free	enrichment of phosphorylated protein	9 months	male	1	S9-E	proteomic profiling by mass spectrometry	NT=Data-dependent acquisition;AC=PRIDE:0000627	NT=label free sample;AC=MS:1002038	NT=q exactive plus;AC=MS:1002634	NT=ltq orbitrap;AC=MS:1000449	NT=Carbamidomethyl;AC=UNIMOD:4;TA=C;MT=Fixed	NT=Phospho;AC=UNIMOD:21;TA=S,T,Y;MT=Variable	NT=Oxidation;AC=UNIMOD:35;TA=M;MT=Variable	NT=Deamidated;AC=UNIMOD:7;TA=NQ;MT=Variable	NT=Gln->pyro-Glu;AC=UNIMOD:28;TA=Q;MT=Variable	NT=Glu->pyro-Glu;AC=UNIMOD:27;TA=E;MT=Variable	NT=Dimethyl;AC=UNIMOD:36;TA=K;MT=Variable	NT=Trypsin;AC=MS:1001251	NT=collision-induced dissociation;AC=MS:1000133	10.0 ppm	0.50 Da	35% NCE	1	1	S9-E.RAW	ftp://ftp.pride.ebi.ac.uk/pride/data/archive/2018/07/PXD007714/S9-E.RAW	v1.1.0	NT=ms-proteomics;VV=v1.1.0	manual curation	brain
S3	pimephales promelas	brain	not applicable	Disease free	enrichment of phosphorylated protein	9 months	male	1	S3	proteomic profiling by mass spectrometry	NT=Data-dependent acquisition;AC=PRIDE:0000627	NT=label free sample;AC=MS:1002038	NT=q exactive plus;AC=MS:1002634	NT=ltq orbitrap;AC=MS:1000449	NT=Carbamidomethyl;AC=UNIMOD:4;TA=C;MT=Fixed	NT=Phospho;AC=UNIMOD:21;TA=S,T,Y;MT=Variable	NT=Oxidation;AC=UNIMOD:35;TA=M;MT=Variable	NT=Deamidated;AC=UNIMOD:7;TA=NQ;MT=Variable	NT=Gln->pyro-Glu;AC=UNIMOD:28;TA=Q;MT=Variable	NT=Glu->pyro-Glu;AC=UNIMOD:27;TA=E;MT=Variable	NT=Dimethyl;AC=UNIMOD:36;TA=K;MT=Variable	NT=Trypsin;AC=MS:1001251	NT=collision-induced dissociation;AC=MS:1000133	10.0 ppm	0.50 Da	35% NCE	1	1	S3.raw	ftp://ftp.pride.ebi.ac.uk/pride/data/archive/2018/07/PXD007714/S3.raw	v1.1.0	NT=ms-proteomics;VV=v1.1.0	manual curation	brain
S4	pimephales promelas	brain	not applicable	Disease free	enrichment of phosphorylated protein	9 months	male	1	S4	proteomic profiling by mass spectrometry	NT=Data-dependent acquisition;AC=PRIDE:0000627	NT=label free sample;AC=MS:1002038	NT=q exactive plus;AC=MS:1002634	NT=ltq orbitrap;AC=MS:1000449	NT=Carbamidomethyl;AC=UNIMOD:4;TA=C;MT=Fixed	NT=Phospho;AC=UNIMOD:21;TA=S,T,Y;MT=Variable	NT=Oxidation;AC=UNIMOD:35;TA=M;MT=Variable	NT=Deamidated;AC=UNIMOD:7;TA=NQ;MT=Variable	NT=Gln->pyro-Glu;AC=UNIMOD:28;TA=Q;MT=Variable	NT=Glu->pyro-Glu;AC=UNIMOD:27;TA=E;MT=Variable	NT=Dimethyl;AC=UNIMOD:36;TA=K;MT=Variable	NT=Trypsin;AC=MS:1001251	NT=collision-induced dissociation;AC=MS:1000133	10.0 ppm	0.50 Da	35% NCE	1	1	S4.raw	ftp://ftp.pride.ebi.ac.uk/pride/data/archive/2018/07/PXD007714/S4.raw	v1.1.0	NT=ms-proteomics;VV=v1.1.0	manual curation	brain
