source name	characteristics[organism]	characteristics[organism part]	characteristics[cell type]	characteristics[disease]	characteristics[biological replicate]	assay name	technology type	comment[proteomics data acquisition method]	comment[label]	comment[instrument]	comment[modification parameters]	comment[modification parameters]	comment[cleavage agent details]	comment[dissociation method]	comment[precursor mass tolerance]	comment[fragment mass tolerance]	comment[fraction identifier]	comment[technical replicate]	comment[data file]	comment[file uri]	comment[sdrf version]	comment[sdrf template]	comment[sdrf annotation tool]	factor value[organism part]
AG-151105_Spot49.pride	mus musculus	Epithelial cell	not applicable	irritable bowel syndrome	1	AG-151105_Spot49.pride	proteomic profiling by mass spectrometry	NT=Data-dependent acquisition;AC=PRIDE:0000627	NT=label free sample;AC=MS:1002038	NT=6550 ifunnel q-tof lc/ms;AC=MS:1002783	NT=Carbamidomethyl;AC=UNIMOD:4;TA=C;MT=Fixed	NT=Oxidation;AC=UNIMOD:35;TA=M;MT=Variable	NT=Trypsin;AC=MS:1001251	NT=collision-induced dissociation;AC=MS:1000133	20 ppm	0.06 Da	1	1	AG-151105_Spot49.pride.mgf.gz	ftp://ftp.pride.ebi.ac.uk/pride/data/archive/2018/12/PXD011199/generated/AG-151105_Spot49.pride.mgf.gz	v1.1.0	NT=ms-proteomics;VV=v1.1.0	manual curation	Epithelial cell
AG-151105_Spot43.pride	mus musculus	Epithelial cell	not applicable	irritable bowel syndrome	1	AG-151105_Spot43.pride	proteomic profiling by mass spectrometry	NT=Data-dependent acquisition;AC=PRIDE:0000627	NT=label free sample;AC=MS:1002038	NT=6550 ifunnel q-tof lc/ms;AC=MS:1002783	NT=Carbamidomethyl;AC=UNIMOD:4;TA=C;MT=Fixed	NT=Oxidation;AC=UNIMOD:35;TA=M;MT=Variable	NT=Trypsin;AC=MS:1001251	NT=collision-induced dissociation;AC=MS:1000133	20 ppm	0.06 Da	1	1	AG-151105_Spot43.pride.mgf.gz	ftp://ftp.pride.ebi.ac.uk/pride/data/archive/2018/12/PXD011199/generated/AG-151105_Spot43.pride.mgf.gz	v1.1.0	NT=ms-proteomics;VV=v1.1.0	manual curation	Epithelial cell
AG-151105_Spot13.pride	mus musculus	Epithelial cell	not applicable	irritable bowel syndrome	1	AG-151105_Spot13.pride	proteomic profiling by mass spectrometry	NT=Data-dependent acquisition;AC=PRIDE:0000627	NT=label free sample;AC=MS:1002038	NT=6550 ifunnel q-tof lc/ms;AC=MS:1002783	NT=Carbamidomethyl;AC=UNIMOD:4;TA=C;MT=Fixed	NT=Oxidation;AC=UNIMOD:35;TA=M;MT=Variable	NT=Trypsin;AC=MS:1001251	NT=collision-induced dissociation;AC=MS:1000133	20 ppm	0.06 Da	1	1	AG-151105_Spot13.pride.mgf.gz	ftp://ftp.pride.ebi.ac.uk/pride/data/archive/2018/12/PXD011199/generated/AG-151105_Spot13.pride.mgf.gz	v1.1.0	NT=ms-proteomics;VV=v1.1.0	manual curation	Epithelial cell
AG-151105_Spot18.pride	mus musculus	Epithelial cell	not applicable	irritable bowel syndrome	1	AG-151105_Spot18.pride	proteomic profiling by mass spectrometry	NT=Data-dependent acquisition;AC=PRIDE:0000627	NT=label free sample;AC=MS:1002038	NT=6550 ifunnel q-tof lc/ms;AC=MS:1002783	NT=Carbamidomethyl;AC=UNIMOD:4;TA=C;MT=Fixed	NT=Oxidation;AC=UNIMOD:35;TA=M;MT=Variable	NT=Trypsin;AC=MS:1001251	NT=collision-induced dissociation;AC=MS:1000133	20 ppm	0.06 Da	1	1	AG-151105_Spot18.pride.mgf.gz	ftp://ftp.pride.ebi.ac.uk/pride/data/archive/2018/12/PXD011199/generated/AG-151105_Spot18.pride.mgf.gz	v1.1.0	NT=ms-proteomics;VV=v1.1.0	manual curation	Epithelial cell
AG-151105_Spot15.pride	mus musculus	Epithelial cell	not applicable	irritable bowel syndrome	1	AG-151105_Spot15.pride	proteomic profiling by mass spectrometry	NT=Data-dependent acquisition;AC=PRIDE:0000627	NT=label free sample;AC=MS:1002038	NT=6550 ifunnel q-tof lc/ms;AC=MS:1002783	NT=Carbamidomethyl;AC=UNIMOD:4;TA=C;MT=Fixed	NT=Oxidation;AC=UNIMOD:35;TA=M;MT=Variable	NT=Trypsin;AC=MS:1001251	NT=collision-induced dissociation;AC=MS:1000133	20 ppm	0.06 Da	1	1	AG-151105_Spot15.pride.mgf.gz	ftp://ftp.pride.ebi.ac.uk/pride/data/archive/2018/12/PXD011199/generated/AG-151105_Spot15.pride.mgf.gz	v1.1.0	NT=ms-proteomics;VV=v1.1.0	manual curation	Epithelial cell
AG-151105_Spot6bis.pride	mus musculus	Epithelial cell	not applicable	irritable bowel syndrome	1	AG-151105_Spot6bis.pride	proteomic profiling by mass spectrometry	NT=Data-dependent acquisition;AC=PRIDE:0000627	NT=label free sample;AC=MS:1002038	NT=6550 ifunnel q-tof lc/ms;AC=MS:1002783	NT=Carbamidomethyl;AC=UNIMOD:4;TA=C;MT=Fixed	NT=Oxidation;AC=UNIMOD:35;TA=M;MT=Variable	NT=Trypsin;AC=MS:1001251	NT=collision-induced dissociation;AC=MS:1000133	20 ppm	0.06 Da	1	1	AG-151105_Spot6bis.pride.mgf.gz	ftp://ftp.pride.ebi.ac.uk/pride/data/archive/2018/12/PXD011199/generated/AG-151105_Spot6bis.pride.mgf.gz	v1.1.0	NT=ms-proteomics;VV=v1.1.0	manual curation	Epithelial cell
AG-151105_Spot31.pride	mus musculus	Epithelial cell	not applicable	irritable bowel syndrome	1	AG-151105_Spot31.pride	proteomic profiling by mass spectrometry	NT=Data-dependent acquisition;AC=PRIDE:0000627	NT=label free sample;AC=MS:1002038	NT=6550 ifunnel q-tof lc/ms;AC=MS:1002783	NT=Carbamidomethyl;AC=UNIMOD:4;TA=C;MT=Fixed	NT=Oxidation;AC=UNIMOD:35;TA=M;MT=Variable	NT=Trypsin;AC=MS:1001251	NT=collision-induced dissociation;AC=MS:1000133	20 ppm	0.06 Da	1	1	AG-151105_Spot31.pride.mgf.gz	ftp://ftp.pride.ebi.ac.uk/pride/data/archive/2018/12/PXD011199/generated/AG-151105_Spot31.pride.mgf.gz	v1.1.0	NT=ms-proteomics;VV=v1.1.0	manual curation	Epithelial cell
AG-151105_Spot16bis.pride	mus musculus	Epithelial cell	not applicable	irritable bowel syndrome	1	AG-151105_Spot16bis.pride	proteomic profiling by mass spectrometry	NT=Data-dependent acquisition;AC=PRIDE:0000627	NT=label free sample;AC=MS:1002038	NT=6550 ifunnel q-tof lc/ms;AC=MS:1002783	NT=Carbamidomethyl;AC=UNIMOD:4;TA=C;MT=Fixed	NT=Oxidation;AC=UNIMOD:35;TA=M;MT=Variable	NT=Trypsin;AC=MS:1001251	NT=collision-induced dissociation;AC=MS:1000133	20 ppm	0.06 Da	1	1	AG-151105_Spot16bis.pride.mgf.gz	ftp://ftp.pride.ebi.ac.uk/pride/data/archive/2018/12/PXD011199/generated/AG-151105_Spot16bis.pride.mgf.gz	v1.1.0	NT=ms-proteomics;VV=v1.1.0	manual curation	Epithelial cell
AG-151105_Spot45.pride	mus musculus	Epithelial cell	not applicable	irritable bowel syndrome	1	AG-151105_Spot45.pride	proteomic profiling by mass spectrometry	NT=Data-dependent acquisition;AC=PRIDE:0000627	NT=label free sample;AC=MS:1002038	NT=6550 ifunnel q-tof lc/ms;AC=MS:1002783	NT=Carbamidomethyl;AC=UNIMOD:4;TA=C;MT=Fixed	NT=Oxidation;AC=UNIMOD:35;TA=M;MT=Variable	NT=Trypsin;AC=MS:1001251	NT=collision-induced dissociation;AC=MS:1000133	20 ppm	0.06 Da	1	1	AG-151105_Spot45.pride.mgf.gz	ftp://ftp.pride.ebi.ac.uk/pride/data/archive/2018/12/PXD011199/generated/AG-151105_Spot45.pride.mgf.gz	v1.1.0	NT=ms-proteomics;VV=v1.1.0	manual curation	Epithelial cell
AG-151105_Spot15bis.pride	mus musculus	Epithelial cell	not applicable	irritable bowel syndrome	1	AG-151105_Spot15bis.pride	proteomic profiling by mass spectrometry	NT=Data-dependent acquisition;AC=PRIDE:0000627	NT=label free sample;AC=MS:1002038	NT=6550 ifunnel q-tof lc/ms;AC=MS:1002783	NT=Carbamidomethyl;AC=UNIMOD:4;TA=C;MT=Fixed	NT=Oxidation;AC=UNIMOD:35;TA=M;MT=Variable	NT=Trypsin;AC=MS:1001251	NT=collision-induced dissociation;AC=MS:1000133	20 ppm	0.06 Da	1	1	AG-151105_Spot15bis.pride.mgf.gz	ftp://ftp.pride.ebi.ac.uk/pride/data/archive/2018/12/PXD011199/generated/AG-151105_Spot15bis.pride.mgf.gz	v1.1.0	NT=ms-proteomics;VV=v1.1.0	manual curation	Epithelial cell
AG-151105_Spot2.pride	mus musculus	Epithelial cell	not applicable	irritable bowel syndrome	1	AG-151105_Spot2.pride	proteomic profiling by mass spectrometry	NT=Data-dependent acquisition;AC=PRIDE:0000627	NT=label free sample;AC=MS:1002038	NT=6550 ifunnel q-tof lc/ms;AC=MS:1002783	NT=Carbamidomethyl;AC=UNIMOD:4;TA=C;MT=Fixed	NT=Oxidation;AC=UNIMOD:35;TA=M;MT=Variable	NT=Trypsin;AC=MS:1001251	NT=collision-induced dissociation;AC=MS:1000133	20 ppm	0.06 Da	1	1	AG-151105_Spot2.pride.mgf.gz	ftp://ftp.pride.ebi.ac.uk/pride/data/archive/2018/12/PXD011199/generated/AG-151105_Spot2.pride.mgf.gz	v1.1.0	NT=ms-proteomics;VV=v1.1.0	manual curation	Epithelial cell
AG-151105_Spot26.pride	mus musculus	Epithelial cell	not applicable	irritable bowel syndrome	1	AG-151105_Spot26.pride	proteomic profiling by mass spectrometry	NT=Data-dependent acquisition;AC=PRIDE:0000627	NT=label free sample;AC=MS:1002038	NT=6550 ifunnel q-tof lc/ms;AC=MS:1002783	NT=Carbamidomethyl;AC=UNIMOD:4;TA=C;MT=Fixed	NT=Oxidation;AC=UNIMOD:35;TA=M;MT=Variable	NT=Trypsin;AC=MS:1001251	NT=collision-induced dissociation;AC=MS:1000133	20 ppm	0.06 Da	1	1	AG-151105_Spot26.pride.mgf.gz	ftp://ftp.pride.ebi.ac.uk/pride/data/archive/2018/12/PXD011199/generated/AG-151105_Spot26.pride.mgf.gz	v1.1.0	NT=ms-proteomics;VV=v1.1.0	manual curation	Epithelial cell
AG-151105_Spot39.pride	mus musculus	Epithelial cell	not applicable	irritable bowel syndrome	1	AG-151105_Spot39.pride	proteomic profiling by mass spectrometry	NT=Data-dependent acquisition;AC=PRIDE:0000627	NT=label free sample;AC=MS:1002038	NT=6550 ifunnel q-tof lc/ms;AC=MS:1002783	NT=Carbamidomethyl;AC=UNIMOD:4;TA=C;MT=Fixed	NT=Oxidation;AC=UNIMOD:35;TA=M;MT=Variable	NT=Trypsin;AC=MS:1001251	NT=collision-induced dissociation;AC=MS:1000133	20 ppm	0.06 Da	1	1	AG-151105_Spot39.pride.mgf.gz	ftp://ftp.pride.ebi.ac.uk/pride/data/archive/2018/12/PXD011199/generated/AG-151105_Spot39.pride.mgf.gz	v1.1.0	NT=ms-proteomics;VV=v1.1.0	manual curation	Epithelial cell
AG-151105_Spot11bis.pride	mus musculus	Epithelial cell	not applicable	irritable bowel syndrome	1	AG-151105_Spot11bis.pride	proteomic profiling by mass spectrometry	NT=Data-dependent acquisition;AC=PRIDE:0000627	NT=label free sample;AC=MS:1002038	NT=6550 ifunnel q-tof lc/ms;AC=MS:1002783	NT=Carbamidomethyl;AC=UNIMOD:4;TA=C;MT=Fixed	NT=Oxidation;AC=UNIMOD:35;TA=M;MT=Variable	NT=Trypsin;AC=MS:1001251	NT=collision-induced dissociation;AC=MS:1000133	20 ppm	0.06 Da	1	1	AG-151105_Spot11bis.pride.mgf.gz	ftp://ftp.pride.ebi.ac.uk/pride/data/archive/2018/12/PXD011199/generated/AG-151105_Spot11bis.pride.mgf.gz	v1.1.0	NT=ms-proteomics;VV=v1.1.0	manual curation	Epithelial cell
AG-151105_Spot18bis.pride	mus musculus	Epithelial cell	not applicable	irritable bowel syndrome	1	AG-151105_Spot18bis.pride	proteomic profiling by mass spectrometry	NT=Data-dependent acquisition;AC=PRIDE:0000627	NT=label free sample;AC=MS:1002038	NT=6550 ifunnel q-tof lc/ms;AC=MS:1002783	NT=Carbamidomethyl;AC=UNIMOD:4;TA=C;MT=Fixed	NT=Oxidation;AC=UNIMOD:35;TA=M;MT=Variable	NT=Trypsin;AC=MS:1001251	NT=collision-induced dissociation;AC=MS:1000133	20 ppm	0.06 Da	1	1	AG-151105_Spot18bis.pride.mgf.gz	ftp://ftp.pride.ebi.ac.uk/pride/data/archive/2018/12/PXD011199/generated/AG-151105_Spot18bis.pride.mgf.gz	v1.1.0	NT=ms-proteomics;VV=v1.1.0	manual curation	Epithelial cell
AG-151105_Spot27.pride	mus musculus	Epithelial cell	not applicable	irritable bowel syndrome	1	AG-151105_Spot27.pride	proteomic profiling by mass spectrometry	NT=Data-dependent acquisition;AC=PRIDE:0000627	NT=label free sample;AC=MS:1002038	NT=6550 ifunnel q-tof lc/ms;AC=MS:1002783	NT=Carbamidomethyl;AC=UNIMOD:4;TA=C;MT=Fixed	NT=Oxidation;AC=UNIMOD:35;TA=M;MT=Variable	NT=Trypsin;AC=MS:1001251	NT=collision-induced dissociation;AC=MS:1000133	20 ppm	0.06 Da	1	1	AG-151105_Spot27.pride.mgf.gz	ftp://ftp.pride.ebi.ac.uk/pride/data/archive/2018/12/PXD011199/generated/AG-151105_Spot27.pride.mgf.gz	v1.1.0	NT=ms-proteomics;VV=v1.1.0	manual curation	Epithelial cell
AG-151105_Spot50.pride	mus musculus	Epithelial cell	not applicable	irritable bowel syndrome	1	AG-151105_Spot50.pride	proteomic profiling by mass spectrometry	NT=Data-dependent acquisition;AC=PRIDE:0000627	NT=label free sample;AC=MS:1002038	NT=6550 ifunnel q-tof lc/ms;AC=MS:1002783	NT=Carbamidomethyl;AC=UNIMOD:4;TA=C;MT=Fixed	NT=Oxidation;AC=UNIMOD:35;TA=M;MT=Variable	NT=Trypsin;AC=MS:1001251	NT=collision-induced dissociation;AC=MS:1000133	20 ppm	0.06 Da	1	1	AG-151105_Spot50.pride.mgf.gz	ftp://ftp.pride.ebi.ac.uk/pride/data/archive/2018/12/PXD011199/generated/AG-151105_Spot50.pride.mgf.gz	v1.1.0	NT=ms-proteomics;VV=v1.1.0	manual curation	Epithelial cell
AG-151105_Spot28.pride	mus musculus	Epithelial cell	not applicable	irritable bowel syndrome	1	AG-151105_Spot28.pride	proteomic profiling by mass spectrometry	NT=Data-dependent acquisition;AC=PRIDE:0000627	NT=label free sample;AC=MS:1002038	NT=6550 ifunnel q-tof lc/ms;AC=MS:1002783	NT=Carbamidomethyl;AC=UNIMOD:4;TA=C;MT=Fixed	NT=Oxidation;AC=UNIMOD:35;TA=M;MT=Variable	NT=Trypsin;AC=MS:1001251	NT=collision-induced dissociation;AC=MS:1000133	20 ppm	0.06 Da	1	1	AG-151105_Spot28.pride.mgf.gz	ftp://ftp.pride.ebi.ac.uk/pride/data/archive/2018/12/PXD011199/generated/AG-151105_Spot28.pride.mgf.gz	v1.1.0	NT=ms-proteomics;VV=v1.1.0	manual curation	Epithelial cell
AG-151105_Spot20.pride	mus musculus	Epithelial cell	not applicable	irritable bowel syndrome	1	AG-151105_Spot20.pride	proteomic profiling by mass spectrometry	NT=Data-dependent acquisition;AC=PRIDE:0000627	NT=label free sample;AC=MS:1002038	NT=6550 ifunnel q-tof lc/ms;AC=MS:1002783	NT=Carbamidomethyl;AC=UNIMOD:4;TA=C;MT=Fixed	NT=Oxidation;AC=UNIMOD:35;TA=M;MT=Variable	NT=Trypsin;AC=MS:1001251	NT=collision-induced dissociation;AC=MS:1000133	20 ppm	0.06 Da	1	1	AG-151105_Spot20.pride.mgf.gz	ftp://ftp.pride.ebi.ac.uk/pride/data/archive/2018/12/PXD011199/generated/AG-151105_Spot20.pride.mgf.gz	v1.1.0	NT=ms-proteomics;VV=v1.1.0	manual curation	Epithelial cell
AG-151105_Spot38.pride	mus musculus	Epithelial cell	not applicable	irritable bowel syndrome	1	AG-151105_Spot38.pride	proteomic profiling by mass spectrometry	NT=Data-dependent acquisition;AC=PRIDE:0000627	NT=label free sample;AC=MS:1002038	NT=6550 ifunnel q-tof lc/ms;AC=MS:1002783	NT=Carbamidomethyl;AC=UNIMOD:4;TA=C;MT=Fixed	NT=Oxidation;AC=UNIMOD:35;TA=M;MT=Variable	NT=Trypsin;AC=MS:1001251	NT=collision-induced dissociation;AC=MS:1000133	20 ppm	0.06 Da	1	1	AG-151105_Spot38.pride.mgf.gz	ftp://ftp.pride.ebi.ac.uk/pride/data/archive/2018/12/PXD011199/generated/AG-151105_Spot38.pride.mgf.gz	v1.1.0	NT=ms-proteomics;VV=v1.1.0	manual curation	Epithelial cell
AG-151105_Spot35.pride	mus musculus	Epithelial cell	not applicable	irritable bowel syndrome	1	AG-151105_Spot35.pride	proteomic profiling by mass spectrometry	NT=Data-dependent acquisition;AC=PRIDE:0000627	NT=label free sample;AC=MS:1002038	NT=6550 ifunnel q-tof lc/ms;AC=MS:1002783	NT=Carbamidomethyl;AC=UNIMOD:4;TA=C;MT=Fixed	NT=Oxidation;AC=UNIMOD:35;TA=M;MT=Variable	NT=Trypsin;AC=MS:1001251	NT=collision-induced dissociation;AC=MS:1000133	20 ppm	0.06 Da	1	1	AG-151105_Spot35.pride.mgf.gz	ftp://ftp.pride.ebi.ac.uk/pride/data/archive/2018/12/PXD011199/generated/AG-151105_Spot35.pride.mgf.gz	v1.1.0	NT=ms-proteomics;VV=v1.1.0	manual curation	Epithelial cell
AG-151105_Spot7.pride	mus musculus	Epithelial cell	not applicable	irritable bowel syndrome	1	AG-151105_Spot7.pride	proteomic profiling by mass spectrometry	NT=Data-dependent acquisition;AC=PRIDE:0000627	NT=label free sample;AC=MS:1002038	NT=6550 ifunnel q-tof lc/ms;AC=MS:1002783	NT=Carbamidomethyl;AC=UNIMOD:4;TA=C;MT=Fixed	NT=Oxidation;AC=UNIMOD:35;TA=M;MT=Variable	NT=Trypsin;AC=MS:1001251	NT=collision-induced dissociation;AC=MS:1000133	20 ppm	0.06 Da	1	1	AG-151105_Spot7.pride.mgf.gz	ftp://ftp.pride.ebi.ac.uk/pride/data/archive/2018/12/PXD011199/generated/AG-151105_Spot7.pride.mgf.gz	v1.1.0	NT=ms-proteomics;VV=v1.1.0	manual curation	Epithelial cell
AG-151105_Spot8.pride	mus musculus	Epithelial cell	not applicable	irritable bowel syndrome	1	AG-151105_Spot8.pride	proteomic profiling by mass spectrometry	NT=Data-dependent acquisition;AC=PRIDE:0000627	NT=label free sample;AC=MS:1002038	NT=6550 ifunnel q-tof lc/ms;AC=MS:1002783	NT=Carbamidomethyl;AC=UNIMOD:4;TA=C;MT=Fixed	NT=Oxidation;AC=UNIMOD:35;TA=M;MT=Variable	NT=Trypsin;AC=MS:1001251	NT=collision-induced dissociation;AC=MS:1000133	20 ppm	0.06 Da	1	1	AG-151105_Spot8.pride.mgf.gz	ftp://ftp.pride.ebi.ac.uk/pride/data/archive/2018/12/PXD011199/generated/AG-151105_Spot8.pride.mgf.gz	v1.1.0	NT=ms-proteomics;VV=v1.1.0	manual curation	Epithelial cell
AG-151105_Spot42.pride	mus musculus	Epithelial cell	not applicable	irritable bowel syndrome	1	AG-151105_Spot42.pride	proteomic profiling by mass spectrometry	NT=Data-dependent acquisition;AC=PRIDE:0000627	NT=label free sample;AC=MS:1002038	NT=6550 ifunnel q-tof lc/ms;AC=MS:1002783	NT=Carbamidomethyl;AC=UNIMOD:4;TA=C;MT=Fixed	NT=Oxidation;AC=UNIMOD:35;TA=M;MT=Variable	NT=Trypsin;AC=MS:1001251	NT=collision-induced dissociation;AC=MS:1000133	20 ppm	0.06 Da	1	1	AG-151105_Spot42.pride.mgf.gz	ftp://ftp.pride.ebi.ac.uk/pride/data/archive/2018/12/PXD011199/generated/AG-151105_Spot42.pride.mgf.gz	v1.1.0	NT=ms-proteomics;VV=v1.1.0	manual curation	Epithelial cell
AG-151105_Spot36.pride	mus musculus	Epithelial cell	not applicable	irritable bowel syndrome	1	AG-151105_Spot36.pride	proteomic profiling by mass spectrometry	NT=Data-dependent acquisition;AC=PRIDE:0000627	NT=label free sample;AC=MS:1002038	NT=6550 ifunnel q-tof lc/ms;AC=MS:1002783	NT=Carbamidomethyl;AC=UNIMOD:4;TA=C;MT=Fixed	NT=Oxidation;AC=UNIMOD:35;TA=M;MT=Variable	NT=Trypsin;AC=MS:1001251	NT=collision-induced dissociation;AC=MS:1000133	20 ppm	0.06 Da	1	1	AG-151105_Spot36.pride.mgf.gz	ftp://ftp.pride.ebi.ac.uk/pride/data/archive/2018/12/PXD011199/generated/AG-151105_Spot36.pride.mgf.gz	v1.1.0	NT=ms-proteomics;VV=v1.1.0	manual curation	Epithelial cell
AG-151105_Spot4.pride	mus musculus	Epithelial cell	not applicable	irritable bowel syndrome	1	AG-151105_Spot4.pride	proteomic profiling by mass spectrometry	NT=Data-dependent acquisition;AC=PRIDE:0000627	NT=label free sample;AC=MS:1002038	NT=6550 ifunnel q-tof lc/ms;AC=MS:1002783	NT=Carbamidomethyl;AC=UNIMOD:4;TA=C;MT=Fixed	NT=Oxidation;AC=UNIMOD:35;TA=M;MT=Variable	NT=Trypsin;AC=MS:1001251	NT=collision-induced dissociation;AC=MS:1000133	20 ppm	0.06 Da	1	1	AG-151105_Spot4.pride.mgf.gz	ftp://ftp.pride.ebi.ac.uk/pride/data/archive/2018/12/PXD011199/generated/AG-151105_Spot4.pride.mgf.gz	v1.1.0	NT=ms-proteomics;VV=v1.1.0	manual curation	Epithelial cell
AG-151105_Spot10.pride	mus musculus	Epithelial cell	not applicable	irritable bowel syndrome	1	AG-151105_Spot10.pride	proteomic profiling by mass spectrometry	NT=Data-dependent acquisition;AC=PRIDE:0000627	NT=label free sample;AC=MS:1002038	NT=6550 ifunnel q-tof lc/ms;AC=MS:1002783	NT=Carbamidomethyl;AC=UNIMOD:4;TA=C;MT=Fixed	NT=Oxidation;AC=UNIMOD:35;TA=M;MT=Variable	NT=Trypsin;AC=MS:1001251	NT=collision-induced dissociation;AC=MS:1000133	20 ppm	0.06 Da	1	1	AG-151105_Spot10.pride.mgf.gz	ftp://ftp.pride.ebi.ac.uk/pride/data/archive/2018/12/PXD011199/generated/AG-151105_Spot10.pride.mgf.gz	v1.1.0	NT=ms-proteomics;VV=v1.1.0	manual curation	Epithelial cell
AG-151105_Spot11.pride	mus musculus	Epithelial cell	not applicable	irritable bowel syndrome	1	AG-151105_Spot11.pride	proteomic profiling by mass spectrometry	NT=Data-dependent acquisition;AC=PRIDE:0000627	NT=label free sample;AC=MS:1002038	NT=6550 ifunnel q-tof lc/ms;AC=MS:1002783	NT=Carbamidomethyl;AC=UNIMOD:4;TA=C;MT=Fixed	NT=Oxidation;AC=UNIMOD:35;TA=M;MT=Variable	NT=Trypsin;AC=MS:1001251	NT=collision-induced dissociation;AC=MS:1000133	20 ppm	0.06 Da	1	1	AG-151105_Spot11.pride.mgf.gz	ftp://ftp.pride.ebi.ac.uk/pride/data/archive/2018/12/PXD011199/generated/AG-151105_Spot11.pride.mgf.gz	v1.1.0	NT=ms-proteomics;VV=v1.1.0	manual curation	Epithelial cell
AG-151105_Spot41.pride	mus musculus	Epithelial cell	not applicable	irritable bowel syndrome	1	AG-151105_Spot41.pride	proteomic profiling by mass spectrometry	NT=Data-dependent acquisition;AC=PRIDE:0000627	NT=label free sample;AC=MS:1002038	NT=6550 ifunnel q-tof lc/ms;AC=MS:1002783	NT=Carbamidomethyl;AC=UNIMOD:4;TA=C;MT=Fixed	NT=Oxidation;AC=UNIMOD:35;TA=M;MT=Variable	NT=Trypsin;AC=MS:1001251	NT=collision-induced dissociation;AC=MS:1000133	20 ppm	0.06 Da	1	1	AG-151105_Spot41.pride.mgf.gz	ftp://ftp.pride.ebi.ac.uk/pride/data/archive/2018/12/PXD011199/generated/AG-151105_Spot41.pride.mgf.gz	v1.1.0	NT=ms-proteomics;VV=v1.1.0	manual curation	Epithelial cell
AG-151105_Spot23bis.pride	mus musculus	Epithelial cell	not applicable	irritable bowel syndrome	1	AG-151105_Spot23bis.pride	proteomic profiling by mass spectrometry	NT=Data-dependent acquisition;AC=PRIDE:0000627	NT=label free sample;AC=MS:1002038	NT=6550 ifunnel q-tof lc/ms;AC=MS:1002783	NT=Carbamidomethyl;AC=UNIMOD:4;TA=C;MT=Fixed	NT=Oxidation;AC=UNIMOD:35;TA=M;MT=Variable	NT=Trypsin;AC=MS:1001251	NT=collision-induced dissociation;AC=MS:1000133	20 ppm	0.06 Da	1	1	AG-151105_Spot23bis.pride.mgf.gz	ftp://ftp.pride.ebi.ac.uk/pride/data/archive/2018/12/PXD011199/generated/AG-151105_Spot23bis.pride.mgf.gz	v1.1.0	NT=ms-proteomics;VV=v1.1.0	manual curation	Epithelial cell
AG-151105_Spot16.pride	mus musculus	Epithelial cell	not applicable	irritable bowel syndrome	1	AG-151105_Spot16.pride	proteomic profiling by mass spectrometry	NT=Data-dependent acquisition;AC=PRIDE:0000627	NT=label free sample;AC=MS:1002038	NT=6550 ifunnel q-tof lc/ms;AC=MS:1002783	NT=Carbamidomethyl;AC=UNIMOD:4;TA=C;MT=Fixed	NT=Oxidation;AC=UNIMOD:35;TA=M;MT=Variable	NT=Trypsin;AC=MS:1001251	NT=collision-induced dissociation;AC=MS:1000133	20 ppm	0.06 Da	1	1	AG-151105_Spot16.pride.mgf.gz	ftp://ftp.pride.ebi.ac.uk/pride/data/archive/2018/12/PXD011199/generated/AG-151105_Spot16.pride.mgf.gz	v1.1.0	NT=ms-proteomics;VV=v1.1.0	manual curation	Epithelial cell
AG-151105_Spot20bis.pride	mus musculus	Epithelial cell	not applicable	irritable bowel syndrome	1	AG-151105_Spot20bis.pride	proteomic profiling by mass spectrometry	NT=Data-dependent acquisition;AC=PRIDE:0000627	NT=label free sample;AC=MS:1002038	NT=6550 ifunnel q-tof lc/ms;AC=MS:1002783	NT=Carbamidomethyl;AC=UNIMOD:4;TA=C;MT=Fixed	NT=Oxidation;AC=UNIMOD:35;TA=M;MT=Variable	NT=Trypsin;AC=MS:1001251	NT=collision-induced dissociation;AC=MS:1000133	20 ppm	0.06 Da	1	1	AG-151105_Spot20bis.pride.mgf.gz	ftp://ftp.pride.ebi.ac.uk/pride/data/archive/2018/12/PXD011199/generated/AG-151105_Spot20bis.pride.mgf.gz	v1.1.0	NT=ms-proteomics;VV=v1.1.0	manual curation	Epithelial cell
AG-151105_Spot24bis.pride	mus musculus	Epithelial cell	not applicable	irritable bowel syndrome	1	AG-151105_Spot24bis.pride	proteomic profiling by mass spectrometry	NT=Data-dependent acquisition;AC=PRIDE:0000627	NT=label free sample;AC=MS:1002038	NT=6550 ifunnel q-tof lc/ms;AC=MS:1002783	NT=Carbamidomethyl;AC=UNIMOD:4;TA=C;MT=Fixed	NT=Oxidation;AC=UNIMOD:35;TA=M;MT=Variable	NT=Trypsin;AC=MS:1001251	NT=collision-induced dissociation;AC=MS:1000133	20 ppm	0.06 Da	1	1	AG-151105_Spot24bis.pride.mgf.gz	ftp://ftp.pride.ebi.ac.uk/pride/data/archive/2018/12/PXD011199/generated/AG-151105_Spot24bis.pride.mgf.gz	v1.1.0	NT=ms-proteomics;VV=v1.1.0	manual curation	Epithelial cell
AG-151105_Spot29bis.pride	mus musculus	Epithelial cell	not applicable	irritable bowel syndrome	1	AG-151105_Spot29bis.pride	proteomic profiling by mass spectrometry	NT=Data-dependent acquisition;AC=PRIDE:0000627	NT=label free sample;AC=MS:1002038	NT=6550 ifunnel q-tof lc/ms;AC=MS:1002783	NT=Carbamidomethyl;AC=UNIMOD:4;TA=C;MT=Fixed	NT=Oxidation;AC=UNIMOD:35;TA=M;MT=Variable	NT=Trypsin;AC=MS:1001251	NT=collision-induced dissociation;AC=MS:1000133	20 ppm	0.06 Da	1	1	AG-151105_Spot29bis.pride.mgf.gz	ftp://ftp.pride.ebi.ac.uk/pride/data/archive/2018/12/PXD011199/generated/AG-151105_Spot29bis.pride.mgf.gz	v1.1.0	NT=ms-proteomics;VV=v1.1.0	manual curation	Epithelial cell
AG-151105_Spot25bis.pride	mus musculus	Epithelial cell	not applicable	irritable bowel syndrome	1	AG-151105_Spot25bis.pride	proteomic profiling by mass spectrometry	NT=Data-dependent acquisition;AC=PRIDE:0000627	NT=label free sample;AC=MS:1002038	NT=6550 ifunnel q-tof lc/ms;AC=MS:1002783	NT=Carbamidomethyl;AC=UNIMOD:4;TA=C;MT=Fixed	NT=Oxidation;AC=UNIMOD:35;TA=M;MT=Variable	NT=Trypsin;AC=MS:1001251	NT=collision-induced dissociation;AC=MS:1000133	20 ppm	0.06 Da	1	1	AG-151105_Spot25bis.pride.mgf.gz	ftp://ftp.pride.ebi.ac.uk/pride/data/archive/2018/12/PXD011199/generated/AG-151105_Spot25bis.pride.mgf.gz	v1.1.0	NT=ms-proteomics;VV=v1.1.0	manual curation	Epithelial cell
AG-151105_Spot50bis.pride	mus musculus	Epithelial cell	not applicable	irritable bowel syndrome	1	AG-151105_Spot50bis.pride	proteomic profiling by mass spectrometry	NT=Data-dependent acquisition;AC=PRIDE:0000627	NT=label free sample;AC=MS:1002038	NT=6550 ifunnel q-tof lc/ms;AC=MS:1002783	NT=Carbamidomethyl;AC=UNIMOD:4;TA=C;MT=Fixed	NT=Oxidation;AC=UNIMOD:35;TA=M;MT=Variable	NT=Trypsin;AC=MS:1001251	NT=collision-induced dissociation;AC=MS:1000133	20 ppm	0.06 Da	1	1	AG-151105_Spot50bis.pride.mgf.gz	ftp://ftp.pride.ebi.ac.uk/pride/data/archive/2018/12/PXD011199/generated/AG-151105_Spot50bis.pride.mgf.gz	v1.1.0	NT=ms-proteomics;VV=v1.1.0	manual curation	Epithelial cell
AG-151105_Spot48.pride	mus musculus	Epithelial cell	not applicable	irritable bowel syndrome	1	AG-151105_Spot48.pride	proteomic profiling by mass spectrometry	NT=Data-dependent acquisition;AC=PRIDE:0000627	NT=label free sample;AC=MS:1002038	NT=6550 ifunnel q-tof lc/ms;AC=MS:1002783	NT=Carbamidomethyl;AC=UNIMOD:4;TA=C;MT=Fixed	NT=Oxidation;AC=UNIMOD:35;TA=M;MT=Variable	NT=Trypsin;AC=MS:1001251	NT=collision-induced dissociation;AC=MS:1000133	20 ppm	0.06 Da	1	1	AG-151105_Spot48.pride.mgf.gz	ftp://ftp.pride.ebi.ac.uk/pride/data/archive/2018/12/PXD011199/generated/AG-151105_Spot48.pride.mgf.gz	v1.1.0	NT=ms-proteomics;VV=v1.1.0	manual curation	Epithelial cell
AG-151105_Spot1.pride	mus musculus	Epithelial cell	not applicable	irritable bowel syndrome	1	AG-151105_Spot1.pride	proteomic profiling by mass spectrometry	NT=Data-dependent acquisition;AC=PRIDE:0000627	NT=label free sample;AC=MS:1002038	NT=6550 ifunnel q-tof lc/ms;AC=MS:1002783	NT=Carbamidomethyl;AC=UNIMOD:4;TA=C;MT=Fixed	NT=Oxidation;AC=UNIMOD:35;TA=M;MT=Variable	NT=Trypsin;AC=MS:1001251	NT=collision-induced dissociation;AC=MS:1000133	20 ppm	0.06 Da	1	1	AG-151105_Spot1.pride.mgf.gz	ftp://ftp.pride.ebi.ac.uk/pride/data/archive/2018/12/PXD011199/generated/AG-151105_Spot1.pride.mgf.gz	v1.1.0	NT=ms-proteomics;VV=v1.1.0	manual curation	Epithelial cell
AG-151105_Spot5.pride	mus musculus	Epithelial cell	not applicable	irritable bowel syndrome	1	AG-151105_Spot5.pride	proteomic profiling by mass spectrometry	NT=Data-dependent acquisition;AC=PRIDE:0000627	NT=label free sample;AC=MS:1002038	NT=6550 ifunnel q-tof lc/ms;AC=MS:1002783	NT=Carbamidomethyl;AC=UNIMOD:4;TA=C;MT=Fixed	NT=Oxidation;AC=UNIMOD:35;TA=M;MT=Variable	NT=Trypsin;AC=MS:1001251	NT=collision-induced dissociation;AC=MS:1000133	20 ppm	0.06 Da	1	1	AG-151105_Spot5.pride.mgf.gz	ftp://ftp.pride.ebi.ac.uk/pride/data/archive/2018/12/PXD011199/generated/AG-151105_Spot5.pride.mgf.gz	v1.1.0	NT=ms-proteomics;VV=v1.1.0	manual curation	Epithelial cell
AG-151105_Spot34.pride	mus musculus	Epithelial cell	not applicable	irritable bowel syndrome	1	AG-151105_Spot34.pride	proteomic profiling by mass spectrometry	NT=Data-dependent acquisition;AC=PRIDE:0000627	NT=label free sample;AC=MS:1002038	NT=6550 ifunnel q-tof lc/ms;AC=MS:1002783	NT=Carbamidomethyl;AC=UNIMOD:4;TA=C;MT=Fixed	NT=Oxidation;AC=UNIMOD:35;TA=M;MT=Variable	NT=Trypsin;AC=MS:1001251	NT=collision-induced dissociation;AC=MS:1000133	20 ppm	0.06 Da	1	1	AG-151105_Spot34.pride.mgf.gz	ftp://ftp.pride.ebi.ac.uk/pride/data/archive/2018/12/PXD011199/generated/AG-151105_Spot34.pride.mgf.gz	v1.1.0	NT=ms-proteomics;VV=v1.1.0	manual curation	Epithelial cell
AG-151105_Spot3.pride	mus musculus	Epithelial cell	not applicable	irritable bowel syndrome	1	AG-151105_Spot3.pride	proteomic profiling by mass spectrometry	NT=Data-dependent acquisition;AC=PRIDE:0000627	NT=label free sample;AC=MS:1002038	NT=6550 ifunnel q-tof lc/ms;AC=MS:1002783	NT=Carbamidomethyl;AC=UNIMOD:4;TA=C;MT=Fixed	NT=Oxidation;AC=UNIMOD:35;TA=M;MT=Variable	NT=Trypsin;AC=MS:1001251	NT=collision-induced dissociation;AC=MS:1000133	20 ppm	0.06 Da	1	1	AG-151105_Spot3.pride.mgf.gz	ftp://ftp.pride.ebi.ac.uk/pride/data/archive/2018/12/PXD011199/generated/AG-151105_Spot3.pride.mgf.gz	v1.1.0	NT=ms-proteomics;VV=v1.1.0	manual curation	Epithelial cell
AG-151105_Spot2bis.pride	mus musculus	Epithelial cell	not applicable	irritable bowel syndrome	1	AG-151105_Spot2bis.pride	proteomic profiling by mass spectrometry	NT=Data-dependent acquisition;AC=PRIDE:0000627	NT=label free sample;AC=MS:1002038	NT=6550 ifunnel q-tof lc/ms;AC=MS:1002783	NT=Carbamidomethyl;AC=UNIMOD:4;TA=C;MT=Fixed	NT=Oxidation;AC=UNIMOD:35;TA=M;MT=Variable	NT=Trypsin;AC=MS:1001251	NT=collision-induced dissociation;AC=MS:1000133	20 ppm	0.06 Da	1	1	AG-151105_Spot2bis.pride.mgf.gz	ftp://ftp.pride.ebi.ac.uk/pride/data/archive/2018/12/PXD011199/generated/AG-151105_Spot2bis.pride.mgf.gz	v1.1.0	NT=ms-proteomics;VV=v1.1.0	manual curation	Epithelial cell
AG-151105_Spot30.pride	mus musculus	Epithelial cell	not applicable	irritable bowel syndrome	1	AG-151105_Spot30.pride	proteomic profiling by mass spectrometry	NT=Data-dependent acquisition;AC=PRIDE:0000627	NT=label free sample;AC=MS:1002038	NT=6550 ifunnel q-tof lc/ms;AC=MS:1002783	NT=Carbamidomethyl;AC=UNIMOD:4;TA=C;MT=Fixed	NT=Oxidation;AC=UNIMOD:35;TA=M;MT=Variable	NT=Trypsin;AC=MS:1001251	NT=collision-induced dissociation;AC=MS:1000133	20 ppm	0.06 Da	1	1	AG-151105_Spot30.pride.mgf.gz	ftp://ftp.pride.ebi.ac.uk/pride/data/archive/2018/12/PXD011199/generated/AG-151105_Spot30.pride.mgf.gz	v1.1.0	NT=ms-proteomics;VV=v1.1.0	manual curation	Epithelial cell
AG-151105_Spot21.pride	mus musculus	Epithelial cell	not applicable	irritable bowel syndrome	1	AG-151105_Spot21.pride	proteomic profiling by mass spectrometry	NT=Data-dependent acquisition;AC=PRIDE:0000627	NT=label free sample;AC=MS:1002038	NT=6550 ifunnel q-tof lc/ms;AC=MS:1002783	NT=Carbamidomethyl;AC=UNIMOD:4;TA=C;MT=Fixed	NT=Oxidation;AC=UNIMOD:35;TA=M;MT=Variable	NT=Trypsin;AC=MS:1001251	NT=collision-induced dissociation;AC=MS:1000133	20 ppm	0.06 Da	1	1	AG-151105_Spot21.pride.mgf.gz	ftp://ftp.pride.ebi.ac.uk/pride/data/archive/2018/12/PXD011199/generated/AG-151105_Spot21.pride.mgf.gz	v1.1.0	NT=ms-proteomics;VV=v1.1.0	manual curation	Epithelial cell
AG-151105_Spot22.pride	mus musculus	Epithelial cell	not applicable	irritable bowel syndrome	1	AG-151105_Spot22.pride	proteomic profiling by mass spectrometry	NT=Data-dependent acquisition;AC=PRIDE:0000627	NT=label free sample;AC=MS:1002038	NT=6550 ifunnel q-tof lc/ms;AC=MS:1002783	NT=Carbamidomethyl;AC=UNIMOD:4;TA=C;MT=Fixed	NT=Oxidation;AC=UNIMOD:35;TA=M;MT=Variable	NT=Trypsin;AC=MS:1001251	NT=collision-induced dissociation;AC=MS:1000133	20 ppm	0.06 Da	1	1	AG-151105_Spot22.pride.mgf.gz	ftp://ftp.pride.ebi.ac.uk/pride/data/archive/2018/12/PXD011199/generated/AG-151105_Spot22.pride.mgf.gz	v1.1.0	NT=ms-proteomics;VV=v1.1.0	manual curation	Epithelial cell
AG-151105_Spot44.pride	mus musculus	Epithelial cell	not applicable	irritable bowel syndrome	1	AG-151105_Spot44.pride	proteomic profiling by mass spectrometry	NT=Data-dependent acquisition;AC=PRIDE:0000627	NT=label free sample;AC=MS:1002038	NT=6550 ifunnel q-tof lc/ms;AC=MS:1002783	NT=Carbamidomethyl;AC=UNIMOD:4;TA=C;MT=Fixed	NT=Oxidation;AC=UNIMOD:35;TA=M;MT=Variable	NT=Trypsin;AC=MS:1001251	NT=collision-induced dissociation;AC=MS:1000133	20 ppm	0.06 Da	1	1	AG-151105_Spot44.pride.mgf.gz	ftp://ftp.pride.ebi.ac.uk/pride/data/archive/2018/12/PXD011199/generated/AG-151105_Spot44.pride.mgf.gz	v1.1.0	NT=ms-proteomics;VV=v1.1.0	manual curation	Epithelial cell
AG-151105_Spot33.pride	mus musculus	Epithelial cell	not applicable	irritable bowel syndrome	1	AG-151105_Spot33.pride	proteomic profiling by mass spectrometry	NT=Data-dependent acquisition;AC=PRIDE:0000627	NT=label free sample;AC=MS:1002038	NT=6550 ifunnel q-tof lc/ms;AC=MS:1002783	NT=Carbamidomethyl;AC=UNIMOD:4;TA=C;MT=Fixed	NT=Oxidation;AC=UNIMOD:35;TA=M;MT=Variable	NT=Trypsin;AC=MS:1001251	NT=collision-induced dissociation;AC=MS:1000133	20 ppm	0.06 Da	1	1	AG-151105_Spot33.pride.mgf.gz	ftp://ftp.pride.ebi.ac.uk/pride/data/archive/2018/12/PXD011199/generated/AG-151105_Spot33.pride.mgf.gz	v1.1.0	NT=ms-proteomics;VV=v1.1.0	manual curation	Epithelial cell
AG-151105_Spot46.pride	mus musculus	Epithelial cell	not applicable	irritable bowel syndrome	1	AG-151105_Spot46.pride	proteomic profiling by mass spectrometry	NT=Data-dependent acquisition;AC=PRIDE:0000627	NT=label free sample;AC=MS:1002038	NT=6550 ifunnel q-tof lc/ms;AC=MS:1002783	NT=Carbamidomethyl;AC=UNIMOD:4;TA=C;MT=Fixed	NT=Oxidation;AC=UNIMOD:35;TA=M;MT=Variable	NT=Trypsin;AC=MS:1001251	NT=collision-induced dissociation;AC=MS:1000133	20 ppm	0.06 Da	1	1	AG-151105_Spot46.pride.mgf.gz	ftp://ftp.pride.ebi.ac.uk/pride/data/archive/2018/12/PXD011199/generated/AG-151105_Spot46.pride.mgf.gz	v1.1.0	NT=ms-proteomics;VV=v1.1.0	manual curation	Epithelial cell
AG-151105_Spot26bis.pride	mus musculus	Epithelial cell	not applicable	irritable bowel syndrome	1	AG-151105_Spot26bis.pride	proteomic profiling by mass spectrometry	NT=Data-dependent acquisition;AC=PRIDE:0000627	NT=label free sample;AC=MS:1002038	NT=6550 ifunnel q-tof lc/ms;AC=MS:1002783	NT=Carbamidomethyl;AC=UNIMOD:4;TA=C;MT=Fixed	NT=Oxidation;AC=UNIMOD:35;TA=M;MT=Variable	NT=Trypsin;AC=MS:1001251	NT=collision-induced dissociation;AC=MS:1000133	20 ppm	0.06 Da	1	1	AG-151105_Spot26bis.pride.mgf.gz	ftp://ftp.pride.ebi.ac.uk/pride/data/archive/2018/12/PXD011199/generated/AG-151105_Spot26bis.pride.mgf.gz	v1.1.0	NT=ms-proteomics;VV=v1.1.0	manual curation	Epithelial cell
AG-151105_Spot37.pride	mus musculus	Epithelial cell	not applicable	irritable bowel syndrome	1	AG-151105_Spot37.pride	proteomic profiling by mass spectrometry	NT=Data-dependent acquisition;AC=PRIDE:0000627	NT=label free sample;AC=MS:1002038	NT=6550 ifunnel q-tof lc/ms;AC=MS:1002783	NT=Carbamidomethyl;AC=UNIMOD:4;TA=C;MT=Fixed	NT=Oxidation;AC=UNIMOD:35;TA=M;MT=Variable	NT=Trypsin;AC=MS:1001251	NT=collision-induced dissociation;AC=MS:1000133	20 ppm	0.06 Da	1	1	AG-151105_Spot37.pride.mgf.gz	ftp://ftp.pride.ebi.ac.uk/pride/data/archive/2018/12/PXD011199/generated/AG-151105_Spot37.pride.mgf.gz	v1.1.0	NT=ms-proteomics;VV=v1.1.0	manual curation	Epithelial cell
AG-151105_Spot9.pride	mus musculus	Epithelial cell	not applicable	irritable bowel syndrome	1	AG-151105_Spot9.pride	proteomic profiling by mass spectrometry	NT=Data-dependent acquisition;AC=PRIDE:0000627	NT=label free sample;AC=MS:1002038	NT=6550 ifunnel q-tof lc/ms;AC=MS:1002783	NT=Carbamidomethyl;AC=UNIMOD:4;TA=C;MT=Fixed	NT=Oxidation;AC=UNIMOD:35;TA=M;MT=Variable	NT=Trypsin;AC=MS:1001251	NT=collision-induced dissociation;AC=MS:1000133	20 ppm	0.06 Da	1	1	AG-151105_Spot9.pride.mgf.gz	ftp://ftp.pride.ebi.ac.uk/pride/data/archive/2018/12/PXD011199/generated/AG-151105_Spot9.pride.mgf.gz	v1.1.0	NT=ms-proteomics;VV=v1.1.0	manual curation	Epithelial cell
AG-151105_Spot10bis.pride	mus musculus	Epithelial cell	not applicable	irritable bowel syndrome	1	AG-151105_Spot10bis.pride	proteomic profiling by mass spectrometry	NT=Data-dependent acquisition;AC=PRIDE:0000627	NT=label free sample;AC=MS:1002038	NT=6550 ifunnel q-tof lc/ms;AC=MS:1002783	NT=Carbamidomethyl;AC=UNIMOD:4;TA=C;MT=Fixed	NT=Oxidation;AC=UNIMOD:35;TA=M;MT=Variable	NT=Trypsin;AC=MS:1001251	NT=collision-induced dissociation;AC=MS:1000133	20 ppm	0.06 Da	1	1	AG-151105_Spot10bis.pride.mgf.gz	ftp://ftp.pride.ebi.ac.uk/pride/data/archive/2018/12/PXD011199/generated/AG-151105_Spot10bis.pride.mgf.gz	v1.1.0	NT=ms-proteomics;VV=v1.1.0	manual curation	Epithelial cell
AG-151105_Spot31bis.pride	mus musculus	Epithelial cell	not applicable	irritable bowel syndrome	1	AG-151105_Spot31bis.pride	proteomic profiling by mass spectrometry	NT=Data-dependent acquisition;AC=PRIDE:0000627	NT=label free sample;AC=MS:1002038	NT=6550 ifunnel q-tof lc/ms;AC=MS:1002783	NT=Carbamidomethyl;AC=UNIMOD:4;TA=C;MT=Fixed	NT=Oxidation;AC=UNIMOD:35;TA=M;MT=Variable	NT=Trypsin;AC=MS:1001251	NT=collision-induced dissociation;AC=MS:1000133	20 ppm	0.06 Da	1	1	AG-151105_Spot31bis.pride.mgf.gz	ftp://ftp.pride.ebi.ac.uk/pride/data/archive/2018/12/PXD011199/generated/AG-151105_Spot31bis.pride.mgf.gz	v1.1.0	NT=ms-proteomics;VV=v1.1.0	manual curation	Epithelial cell
AG-151105_Spot32.pride	mus musculus	Epithelial cell	not applicable	irritable bowel syndrome	1	AG-151105_Spot32.pride	proteomic profiling by mass spectrometry	NT=Data-dependent acquisition;AC=PRIDE:0000627	NT=label free sample;AC=MS:1002038	NT=6550 ifunnel q-tof lc/ms;AC=MS:1002783	NT=Carbamidomethyl;AC=UNIMOD:4;TA=C;MT=Fixed	NT=Oxidation;AC=UNIMOD:35;TA=M;MT=Variable	NT=Trypsin;AC=MS:1001251	NT=collision-induced dissociation;AC=MS:1000133	20 ppm	0.06 Da	1	1	AG-151105_Spot32.pride.mgf.gz	ftp://ftp.pride.ebi.ac.uk/pride/data/archive/2018/12/PXD011199/generated/AG-151105_Spot32.pride.mgf.gz	v1.1.0	NT=ms-proteomics;VV=v1.1.0	manual curation	Epithelial cell
AG-151105_Spot12.pride	mus musculus	Epithelial cell	not applicable	irritable bowel syndrome	1	AG-151105_Spot12.pride	proteomic profiling by mass spectrometry	NT=Data-dependent acquisition;AC=PRIDE:0000627	NT=label free sample;AC=MS:1002038	NT=6550 ifunnel q-tof lc/ms;AC=MS:1002783	NT=Carbamidomethyl;AC=UNIMOD:4;TA=C;MT=Fixed	NT=Oxidation;AC=UNIMOD:35;TA=M;MT=Variable	NT=Trypsin;AC=MS:1001251	NT=collision-induced dissociation;AC=MS:1000133	20 ppm	0.06 Da	1	1	AG-151105_Spot12.pride.mgf.gz	ftp://ftp.pride.ebi.ac.uk/pride/data/archive/2018/12/PXD011199/generated/AG-151105_Spot12.pride.mgf.gz	v1.1.0	NT=ms-proteomics;VV=v1.1.0	manual curation	Epithelial cell
AG-151105_Spot47.pride	mus musculus	Epithelial cell	not applicable	irritable bowel syndrome	1	AG-151105_Spot47.pride	proteomic profiling by mass spectrometry	NT=Data-dependent acquisition;AC=PRIDE:0000627	NT=label free sample;AC=MS:1002038	NT=6550 ifunnel q-tof lc/ms;AC=MS:1002783	NT=Carbamidomethyl;AC=UNIMOD:4;TA=C;MT=Fixed	NT=Oxidation;AC=UNIMOD:35;TA=M;MT=Variable	NT=Trypsin;AC=MS:1001251	NT=collision-induced dissociation;AC=MS:1000133	20 ppm	0.06 Da	1	1	AG-151105_Spot47.pride.mgf.gz	ftp://ftp.pride.ebi.ac.uk/pride/data/archive/2018/12/PXD011199/generated/AG-151105_Spot47.pride.mgf.gz	v1.1.0	NT=ms-proteomics;VV=v1.1.0	manual curation	Epithelial cell
AG-151105_Spot25.pride	mus musculus	Epithelial cell	not applicable	irritable bowel syndrome	1	AG-151105_Spot25.pride	proteomic profiling by mass spectrometry	NT=Data-dependent acquisition;AC=PRIDE:0000627	NT=label free sample;AC=MS:1002038	NT=6550 ifunnel q-tof lc/ms;AC=MS:1002783	NT=Carbamidomethyl;AC=UNIMOD:4;TA=C;MT=Fixed	NT=Oxidation;AC=UNIMOD:35;TA=M;MT=Variable	NT=Trypsin;AC=MS:1001251	NT=collision-induced dissociation;AC=MS:1000133	20 ppm	0.06 Da	1	1	AG-151105_Spot25.pride.mgf.gz	ftp://ftp.pride.ebi.ac.uk/pride/data/archive/2018/12/PXD011199/generated/AG-151105_Spot25.pride.mgf.gz	v1.1.0	NT=ms-proteomics;VV=v1.1.0	manual curation	Epithelial cell
AG-151105_Spot40.pride	mus musculus	Epithelial cell	not applicable	irritable bowel syndrome	1	AG-151105_Spot40.pride	proteomic profiling by mass spectrometry	NT=Data-dependent acquisition;AC=PRIDE:0000627	NT=label free sample;AC=MS:1002038	NT=6550 ifunnel q-tof lc/ms;AC=MS:1002783	NT=Carbamidomethyl;AC=UNIMOD:4;TA=C;MT=Fixed	NT=Oxidation;AC=UNIMOD:35;TA=M;MT=Variable	NT=Trypsin;AC=MS:1001251	NT=collision-induced dissociation;AC=MS:1000133	20 ppm	0.06 Da	1	1	AG-151105_Spot40.pride.mgf.gz	ftp://ftp.pride.ebi.ac.uk/pride/data/archive/2018/12/PXD011199/generated/AG-151105_Spot40.pride.mgf.gz	v1.1.0	NT=ms-proteomics;VV=v1.1.0	manual curation	Epithelial cell
AG-151105_Spot17.pride	mus musculus	Epithelial cell	not applicable	irritable bowel syndrome	1	AG-151105_Spot17.pride	proteomic profiling by mass spectrometry	NT=Data-dependent acquisition;AC=PRIDE:0000627	NT=label free sample;AC=MS:1002038	NT=6550 ifunnel q-tof lc/ms;AC=MS:1002783	NT=Carbamidomethyl;AC=UNIMOD:4;TA=C;MT=Fixed	NT=Oxidation;AC=UNIMOD:35;TA=M;MT=Variable	NT=Trypsin;AC=MS:1001251	NT=collision-induced dissociation;AC=MS:1000133	20 ppm	0.06 Da	1	1	AG-151105_Spot17.pride.mgf.gz	ftp://ftp.pride.ebi.ac.uk/pride/data/archive/2018/12/PXD011199/generated/AG-151105_Spot17.pride.mgf.gz	v1.1.0	NT=ms-proteomics;VV=v1.1.0	manual curation	Epithelial cell
AG-151105_Spot42bis.pride	mus musculus	Epithelial cell	not applicable	irritable bowel syndrome	1	AG-151105_Spot42bis.pride	proteomic profiling by mass spectrometry	NT=Data-dependent acquisition;AC=PRIDE:0000627	NT=label free sample;AC=MS:1002038	NT=6550 ifunnel q-tof lc/ms;AC=MS:1002783	NT=Carbamidomethyl;AC=UNIMOD:4;TA=C;MT=Fixed	NT=Oxidation;AC=UNIMOD:35;TA=M;MT=Variable	NT=Trypsin;AC=MS:1001251	NT=collision-induced dissociation;AC=MS:1000133	20 ppm	0.06 Da	1	1	AG-151105_Spot42bis.pride.mgf.gz	ftp://ftp.pride.ebi.ac.uk/pride/data/archive/2018/12/PXD011199/generated/AG-151105_Spot42bis.pride.mgf.gz	v1.1.0	NT=ms-proteomics;VV=v1.1.0	manual curation	Epithelial cell
AG-151105_Spot24.pride	mus musculus	Epithelial cell	not applicable	irritable bowel syndrome	1	AG-151105_Spot24.pride	proteomic profiling by mass spectrometry	NT=Data-dependent acquisition;AC=PRIDE:0000627	NT=label free sample;AC=MS:1002038	NT=6550 ifunnel q-tof lc/ms;AC=MS:1002783	NT=Carbamidomethyl;AC=UNIMOD:4;TA=C;MT=Fixed	NT=Oxidation;AC=UNIMOD:35;TA=M;MT=Variable	NT=Trypsin;AC=MS:1001251	NT=collision-induced dissociation;AC=MS:1000133	20 ppm	0.06 Da	1	1	AG-151105_Spot24.pride.mgf.gz	ftp://ftp.pride.ebi.ac.uk/pride/data/archive/2018/12/PXD011199/generated/AG-151105_Spot24.pride.mgf.gz	v1.1.0	NT=ms-proteomics;VV=v1.1.0	manual curation	Epithelial cell
AG-151105_Spot23.pride	mus musculus	Epithelial cell	not applicable	irritable bowel syndrome	1	AG-151105_Spot23.pride	proteomic profiling by mass spectrometry	NT=Data-dependent acquisition;AC=PRIDE:0000627	NT=label free sample;AC=MS:1002038	NT=6550 ifunnel q-tof lc/ms;AC=MS:1002783	NT=Carbamidomethyl;AC=UNIMOD:4;TA=C;MT=Fixed	NT=Oxidation;AC=UNIMOD:35;TA=M;MT=Variable	NT=Trypsin;AC=MS:1001251	NT=collision-induced dissociation;AC=MS:1000133	20 ppm	0.06 Da	1	1	AG-151105_Spot23.pride.mgf.gz	ftp://ftp.pride.ebi.ac.uk/pride/data/archive/2018/12/PXD011199/generated/AG-151105_Spot23.pride.mgf.gz	v1.1.0	NT=ms-proteomics;VV=v1.1.0	manual curation	Epithelial cell
AG-151105_Spot14.pride	mus musculus	Epithelial cell	not applicable	irritable bowel syndrome	1	AG-151105_Spot14.pride	proteomic profiling by mass spectrometry	NT=Data-dependent acquisition;AC=PRIDE:0000627	NT=label free sample;AC=MS:1002038	NT=6550 ifunnel q-tof lc/ms;AC=MS:1002783	NT=Carbamidomethyl;AC=UNIMOD:4;TA=C;MT=Fixed	NT=Oxidation;AC=UNIMOD:35;TA=M;MT=Variable	NT=Trypsin;AC=MS:1001251	NT=collision-induced dissociation;AC=MS:1000133	20 ppm	0.06 Da	1	1	AG-151105_Spot14.pride.mgf.gz	ftp://ftp.pride.ebi.ac.uk/pride/data/archive/2018/12/PXD011199/generated/AG-151105_Spot14.pride.mgf.gz	v1.1.0	NT=ms-proteomics;VV=v1.1.0	manual curation	Epithelial cell
AG-151105_Spot29.pride	mus musculus	Epithelial cell	not applicable	irritable bowel syndrome	1	AG-151105_Spot29.pride	proteomic profiling by mass spectrometry	NT=Data-dependent acquisition;AC=PRIDE:0000627	NT=label free sample;AC=MS:1002038	NT=6550 ifunnel q-tof lc/ms;AC=MS:1002783	NT=Carbamidomethyl;AC=UNIMOD:4;TA=C;MT=Fixed	NT=Oxidation;AC=UNIMOD:35;TA=M;MT=Variable	NT=Trypsin;AC=MS:1001251	NT=collision-induced dissociation;AC=MS:1000133	20 ppm	0.06 Da	1	1	AG-151105_Spot29.pride.mgf.gz	ftp://ftp.pride.ebi.ac.uk/pride/data/archive/2018/12/PXD011199/generated/AG-151105_Spot29.pride.mgf.gz	v1.1.0	NT=ms-proteomics;VV=v1.1.0	manual curation	Epithelial cell
AG-151105_Spot19.pride	mus musculus	Epithelial cell	not applicable	irritable bowel syndrome	1	AG-151105_Spot19.pride	proteomic profiling by mass spectrometry	NT=Data-dependent acquisition;AC=PRIDE:0000627	NT=label free sample;AC=MS:1002038	NT=6550 ifunnel q-tof lc/ms;AC=MS:1002783	NT=Carbamidomethyl;AC=UNIMOD:4;TA=C;MT=Fixed	NT=Oxidation;AC=UNIMOD:35;TA=M;MT=Variable	NT=Trypsin;AC=MS:1001251	NT=collision-induced dissociation;AC=MS:1000133	20 ppm	0.06 Da	1	1	AG-151105_Spot19.pride.mgf.gz	ftp://ftp.pride.ebi.ac.uk/pride/data/archive/2018/12/PXD011199/generated/AG-151105_Spot19.pride.mgf.gz	v1.1.0	NT=ms-proteomics;VV=v1.1.0	manual curation	Epithelial cell
AG-151105_Spot45bis.pride	mus musculus	Epithelial cell	not applicable	irritable bowel syndrome	1	AG-151105_Spot45bis.pride	proteomic profiling by mass spectrometry	NT=Data-dependent acquisition;AC=PRIDE:0000627	NT=label free sample;AC=MS:1002038	NT=6550 ifunnel q-tof lc/ms;AC=MS:1002783	NT=Carbamidomethyl;AC=UNIMOD:4;TA=C;MT=Fixed	NT=Oxidation;AC=UNIMOD:35;TA=M;MT=Variable	NT=Trypsin;AC=MS:1001251	NT=collision-induced dissociation;AC=MS:1000133	20 ppm	0.06 Da	1	1	AG-151105_Spot45bis.pride.mgf.gz	ftp://ftp.pride.ebi.ac.uk/pride/data/archive/2018/12/PXD011199/generated/AG-151105_Spot45bis.pride.mgf.gz	v1.1.0	NT=ms-proteomics;VV=v1.1.0	manual curation	Epithelial cell
AG-151105_Spot6.pride	mus musculus	Epithelial cell	not applicable	irritable bowel syndrome	1	AG-151105_Spot6.pride	proteomic profiling by mass spectrometry	NT=Data-dependent acquisition;AC=PRIDE:0000627	NT=label free sample;AC=MS:1002038	NT=6550 ifunnel q-tof lc/ms;AC=MS:1002783	NT=Carbamidomethyl;AC=UNIMOD:4;TA=C;MT=Fixed	NT=Oxidation;AC=UNIMOD:35;TA=M;MT=Variable	NT=Trypsin;AC=MS:1001251	NT=collision-induced dissociation;AC=MS:1000133	20 ppm	0.06 Da	1	1	AG-151105_Spot6.pride.mgf.gz	ftp://ftp.pride.ebi.ac.uk/pride/data/archive/2018/12/PXD011199/generated/AG-151105_Spot6.pride.mgf.gz	v1.1.0	NT=ms-proteomics;VV=v1.1.0	manual curation	Epithelial cell
AG-151105_Spot5	mus musculus	Epithelial cell	not applicable	irritable bowel syndrome	1	AG-151105_Spot5	proteomic profiling by mass spectrometry	NT=Data-dependent acquisition;AC=PRIDE:0000627	NT=label free sample;AC=MS:1002038	NT=6550 ifunnel q-tof lc/ms;AC=MS:1002783	NT=Carbamidomethyl;AC=UNIMOD:4;TA=C;MT=Fixed	NT=Oxidation;AC=UNIMOD:35;TA=M;MT=Variable	NT=Trypsin;AC=MS:1001251	NT=collision-induced dissociation;AC=MS:1000133	20 ppm	0.06 Da	1	1	AG-151105_Spot5.mgf	ftp://ftp.pride.ebi.ac.uk/pride/data/archive/2018/12/PXD011199/AG-151105_Spot5.mgf	v1.1.0	NT=ms-proteomics;VV=v1.1.0	manual curation	Epithelial cell
AG-151105_Spot15bis	mus musculus	Epithelial cell	not applicable	irritable bowel syndrome	1	AG-151105_Spot15bis	proteomic profiling by mass spectrometry	NT=Data-dependent acquisition;AC=PRIDE:0000627	NT=label free sample;AC=MS:1002038	NT=6550 ifunnel q-tof lc/ms;AC=MS:1002783	NT=Carbamidomethyl;AC=UNIMOD:4;TA=C;MT=Fixed	NT=Oxidation;AC=UNIMOD:35;TA=M;MT=Variable	NT=Trypsin;AC=MS:1001251	NT=collision-induced dissociation;AC=MS:1000133	20 ppm	0.06 Da	1	1	AG-151105_Spot15bis.mgf	ftp://ftp.pride.ebi.ac.uk/pride/data/archive/2018/12/PXD011199/AG-151105_Spot15bis.mgf	v1.1.0	NT=ms-proteomics;VV=v1.1.0	manual curation	Epithelial cell
AG-151105_Spot23	mus musculus	Epithelial cell	not applicable	irritable bowel syndrome	1	AG-151105_Spot23	proteomic profiling by mass spectrometry	NT=Data-dependent acquisition;AC=PRIDE:0000627	NT=label free sample;AC=MS:1002038	NT=6550 ifunnel q-tof lc/ms;AC=MS:1002783	NT=Carbamidomethyl;AC=UNIMOD:4;TA=C;MT=Fixed	NT=Oxidation;AC=UNIMOD:35;TA=M;MT=Variable	NT=Trypsin;AC=MS:1001251	NT=collision-induced dissociation;AC=MS:1000133	20 ppm	0.06 Da	1	1	AG-151105_Spot23.mgf	ftp://ftp.pride.ebi.ac.uk/pride/data/archive/2018/12/PXD011199/AG-151105_Spot23.mgf	v1.1.0	NT=ms-proteomics;VV=v1.1.0	manual curation	Epithelial cell
AG-151105_Spot2bis	mus musculus	Epithelial cell	not applicable	irritable bowel syndrome	1	AG-151105_Spot2bis	proteomic profiling by mass spectrometry	NT=Data-dependent acquisition;AC=PRIDE:0000627	NT=label free sample;AC=MS:1002038	NT=6550 ifunnel q-tof lc/ms;AC=MS:1002783	NT=Carbamidomethyl;AC=UNIMOD:4;TA=C;MT=Fixed	NT=Oxidation;AC=UNIMOD:35;TA=M;MT=Variable	NT=Trypsin;AC=MS:1001251	NT=collision-induced dissociation;AC=MS:1000133	20 ppm	0.06 Da	1	1	AG-151105_Spot2bis.mgf	ftp://ftp.pride.ebi.ac.uk/pride/data/archive/2018/12/PXD011199/AG-151105_Spot2bis.mgf	v1.1.0	NT=ms-proteomics;VV=v1.1.0	manual curation	Epithelial cell
AG-151105_Spot11	mus musculus	Epithelial cell	not applicable	irritable bowel syndrome	1	AG-151105_Spot11	proteomic profiling by mass spectrometry	NT=Data-dependent acquisition;AC=PRIDE:0000627	NT=label free sample;AC=MS:1002038	NT=6550 ifunnel q-tof lc/ms;AC=MS:1002783	NT=Carbamidomethyl;AC=UNIMOD:4;TA=C;MT=Fixed	NT=Oxidation;AC=UNIMOD:35;TA=M;MT=Variable	NT=Trypsin;AC=MS:1001251	NT=collision-induced dissociation;AC=MS:1000133	20 ppm	0.06 Da	1	1	AG-151105_Spot11.mgf	ftp://ftp.pride.ebi.ac.uk/pride/data/archive/2018/12/PXD011199/AG-151105_Spot11.mgf	v1.1.0	NT=ms-proteomics;VV=v1.1.0	manual curation	Epithelial cell
AG-151105_Spot21	mus musculus	Epithelial cell	not applicable	irritable bowel syndrome	1	AG-151105_Spot21	proteomic profiling by mass spectrometry	NT=Data-dependent acquisition;AC=PRIDE:0000627	NT=label free sample;AC=MS:1002038	NT=6550 ifunnel q-tof lc/ms;AC=MS:1002783	NT=Carbamidomethyl;AC=UNIMOD:4;TA=C;MT=Fixed	NT=Oxidation;AC=UNIMOD:35;TA=M;MT=Variable	NT=Trypsin;AC=MS:1001251	NT=collision-induced dissociation;AC=MS:1000133	20 ppm	0.06 Da	1	1	AG-151105_Spot21.mgf	ftp://ftp.pride.ebi.ac.uk/pride/data/archive/2018/12/PXD011199/AG-151105_Spot21.mgf	v1.1.0	NT=ms-proteomics;VV=v1.1.0	manual curation	Epithelial cell
AG-151105_Spot3	mus musculus	Epithelial cell	not applicable	irritable bowel syndrome	1	AG-151105_Spot3	proteomic profiling by mass spectrometry	NT=Data-dependent acquisition;AC=PRIDE:0000627	NT=label free sample;AC=MS:1002038	NT=6550 ifunnel q-tof lc/ms;AC=MS:1002783	NT=Carbamidomethyl;AC=UNIMOD:4;TA=C;MT=Fixed	NT=Oxidation;AC=UNIMOD:35;TA=M;MT=Variable	NT=Trypsin;AC=MS:1001251	NT=collision-induced dissociation;AC=MS:1000133	20 ppm	0.06 Da	1	1	AG-151105_Spot3.mgf	ftp://ftp.pride.ebi.ac.uk/pride/data/archive/2018/12/PXD011199/AG-151105_Spot3.mgf	v1.1.0	NT=ms-proteomics;VV=v1.1.0	manual curation	Epithelial cell
AG-151105_Spot13	mus musculus	Epithelial cell	not applicable	irritable bowel syndrome	1	AG-151105_Spot13	proteomic profiling by mass spectrometry	NT=Data-dependent acquisition;AC=PRIDE:0000627	NT=label free sample;AC=MS:1002038	NT=6550 ifunnel q-tof lc/ms;AC=MS:1002783	NT=Carbamidomethyl;AC=UNIMOD:4;TA=C;MT=Fixed	NT=Oxidation;AC=UNIMOD:35;TA=M;MT=Variable	NT=Trypsin;AC=MS:1001251	NT=collision-induced dissociation;AC=MS:1000133	20 ppm	0.06 Da	1	1	AG-151105_Spot13.mgf	ftp://ftp.pride.ebi.ac.uk/pride/data/archive/2018/12/PXD011199/AG-151105_Spot13.mgf	v1.1.0	NT=ms-proteomics;VV=v1.1.0	manual curation	Epithelial cell
AG-151105_Spot8	mus musculus	Epithelial cell	not applicable	irritable bowel syndrome	1	AG-151105_Spot8	proteomic profiling by mass spectrometry	NT=Data-dependent acquisition;AC=PRIDE:0000627	NT=label free sample;AC=MS:1002038	NT=6550 ifunnel q-tof lc/ms;AC=MS:1002783	NT=Carbamidomethyl;AC=UNIMOD:4;TA=C;MT=Fixed	NT=Oxidation;AC=UNIMOD:35;TA=M;MT=Variable	NT=Trypsin;AC=MS:1001251	NT=collision-induced dissociation;AC=MS:1000133	20 ppm	0.06 Da	1	1	AG-151105_Spot8.mgf	ftp://ftp.pride.ebi.ac.uk/pride/data/archive/2018/12/PXD011199/AG-151105_Spot8.mgf	v1.1.0	NT=ms-proteomics;VV=v1.1.0	manual curation	Epithelial cell
AG-151105_Spot40	mus musculus	Epithelial cell	not applicable	irritable bowel syndrome	1	AG-151105_Spot40	proteomic profiling by mass spectrometry	NT=Data-dependent acquisition;AC=PRIDE:0000627	NT=label free sample;AC=MS:1002038	NT=6550 ifunnel q-tof lc/ms;AC=MS:1002783	NT=Carbamidomethyl;AC=UNIMOD:4;TA=C;MT=Fixed	NT=Oxidation;AC=UNIMOD:35;TA=M;MT=Variable	NT=Trypsin;AC=MS:1001251	NT=collision-induced dissociation;AC=MS:1000133	20 ppm	0.06 Da	1	1	AG-151105_Spot40.mgf	ftp://ftp.pride.ebi.ac.uk/pride/data/archive/2018/12/PXD011199/AG-151105_Spot40.mgf	v1.1.0	NT=ms-proteomics;VV=v1.1.0	manual curation	Epithelial cell
AG-151105_Spot48	mus musculus	Epithelial cell	not applicable	irritable bowel syndrome	1	AG-151105_Spot48	proteomic profiling by mass spectrometry	NT=Data-dependent acquisition;AC=PRIDE:0000627	NT=label free sample;AC=MS:1002038	NT=6550 ifunnel q-tof lc/ms;AC=MS:1002783	NT=Carbamidomethyl;AC=UNIMOD:4;TA=C;MT=Fixed	NT=Oxidation;AC=UNIMOD:35;TA=M;MT=Variable	NT=Trypsin;AC=MS:1001251	NT=collision-induced dissociation;AC=MS:1000133	20 ppm	0.06 Da	1	1	AG-151105_Spot48.mgf	ftp://ftp.pride.ebi.ac.uk/pride/data/archive/2018/12/PXD011199/AG-151105_Spot48.mgf	v1.1.0	NT=ms-proteomics;VV=v1.1.0	manual curation	Epithelial cell
AG-151105_Spot9	mus musculus	Epithelial cell	not applicable	irritable bowel syndrome	1	AG-151105_Spot9	proteomic profiling by mass spectrometry	NT=Data-dependent acquisition;AC=PRIDE:0000627	NT=label free sample;AC=MS:1002038	NT=6550 ifunnel q-tof lc/ms;AC=MS:1002783	NT=Carbamidomethyl;AC=UNIMOD:4;TA=C;MT=Fixed	NT=Oxidation;AC=UNIMOD:35;TA=M;MT=Variable	NT=Trypsin;AC=MS:1001251	NT=collision-induced dissociation;AC=MS:1000133	20 ppm	0.06 Da	1	1	AG-151105_Spot9.mgf	ftp://ftp.pride.ebi.ac.uk/pride/data/archive/2018/12/PXD011199/AG-151105_Spot9.mgf	v1.1.0	NT=ms-proteomics;VV=v1.1.0	manual curation	Epithelial cell
AG-151105_Spot35	mus musculus	Epithelial cell	not applicable	irritable bowel syndrome	1	AG-151105_Spot35	proteomic profiling by mass spectrometry	NT=Data-dependent acquisition;AC=PRIDE:0000627	NT=label free sample;AC=MS:1002038	NT=6550 ifunnel q-tof lc/ms;AC=MS:1002783	NT=Carbamidomethyl;AC=UNIMOD:4;TA=C;MT=Fixed	NT=Oxidation;AC=UNIMOD:35;TA=M;MT=Variable	NT=Trypsin;AC=MS:1001251	NT=collision-induced dissociation;AC=MS:1000133	20 ppm	0.06 Da	1	1	AG-151105_Spot35.mgf	ftp://ftp.pride.ebi.ac.uk/pride/data/archive/2018/12/PXD011199/AG-151105_Spot35.mgf	v1.1.0	NT=ms-proteomics;VV=v1.1.0	manual curation	Epithelial cell
AG-151105_Spot6bis	mus musculus	Epithelial cell	not applicable	irritable bowel syndrome	1	AG-151105_Spot6bis	proteomic profiling by mass spectrometry	NT=Data-dependent acquisition;AC=PRIDE:0000627	NT=label free sample;AC=MS:1002038	NT=6550 ifunnel q-tof lc/ms;AC=MS:1002783	NT=Carbamidomethyl;AC=UNIMOD:4;TA=C;MT=Fixed	NT=Oxidation;AC=UNIMOD:35;TA=M;MT=Variable	NT=Trypsin;AC=MS:1001251	NT=collision-induced dissociation;AC=MS:1000133	20 ppm	0.06 Da	1	1	AG-151105_Spot6bis.mgf	ftp://ftp.pride.ebi.ac.uk/pride/data/archive/2018/12/PXD011199/AG-151105_Spot6bis.mgf	v1.1.0	NT=ms-proteomics;VV=v1.1.0	manual curation	Epithelial cell
AG-151105_Spot46	mus musculus	Epithelial cell	not applicable	irritable bowel syndrome	1	AG-151105_Spot46	proteomic profiling by mass spectrometry	NT=Data-dependent acquisition;AC=PRIDE:0000627	NT=label free sample;AC=MS:1002038	NT=6550 ifunnel q-tof lc/ms;AC=MS:1002783	NT=Carbamidomethyl;AC=UNIMOD:4;TA=C;MT=Fixed	NT=Oxidation;AC=UNIMOD:35;TA=M;MT=Variable	NT=Trypsin;AC=MS:1001251	NT=collision-induced dissociation;AC=MS:1000133	20 ppm	0.06 Da	1	1	AG-151105_Spot46.mgf	ftp://ftp.pride.ebi.ac.uk/pride/data/archive/2018/12/PXD011199/AG-151105_Spot46.mgf	v1.1.0	NT=ms-proteomics;VV=v1.1.0	manual curation	Epithelial cell
AG-151105_Spot50bis	mus musculus	Epithelial cell	not applicable	irritable bowel syndrome	1	AG-151105_Spot50bis	proteomic profiling by mass spectrometry	NT=Data-dependent acquisition;AC=PRIDE:0000627	NT=label free sample;AC=MS:1002038	NT=6550 ifunnel q-tof lc/ms;AC=MS:1002783	NT=Carbamidomethyl;AC=UNIMOD:4;TA=C;MT=Fixed	NT=Oxidation;AC=UNIMOD:35;TA=M;MT=Variable	NT=Trypsin;AC=MS:1001251	NT=collision-induced dissociation;AC=MS:1000133	20 ppm	0.06 Da	1	1	AG-151105_Spot50bis.mgf	ftp://ftp.pride.ebi.ac.uk/pride/data/archive/2018/12/PXD011199/AG-151105_Spot50bis.mgf	v1.1.0	NT=ms-proteomics;VV=v1.1.0	manual curation	Epithelial cell
AG-151105_Spot33	mus musculus	Epithelial cell	not applicable	irritable bowel syndrome	1	AG-151105_Spot33	proteomic profiling by mass spectrometry	NT=Data-dependent acquisition;AC=PRIDE:0000627	NT=label free sample;AC=MS:1002038	NT=6550 ifunnel q-tof lc/ms;AC=MS:1002783	NT=Carbamidomethyl;AC=UNIMOD:4;TA=C;MT=Fixed	NT=Oxidation;AC=UNIMOD:35;TA=M;MT=Variable	NT=Trypsin;AC=MS:1001251	NT=collision-induced dissociation;AC=MS:1000133	20 ppm	0.06 Da	1	1	AG-151105_Spot33.mgf	ftp://ftp.pride.ebi.ac.uk/pride/data/archive/2018/12/PXD011199/AG-151105_Spot33.mgf	v1.1.0	NT=ms-proteomics;VV=v1.1.0	manual curation	Epithelial cell
AG-151105_Spot10	mus musculus	Epithelial cell	not applicable	irritable bowel syndrome	1	AG-151105_Spot10	proteomic profiling by mass spectrometry	NT=Data-dependent acquisition;AC=PRIDE:0000627	NT=label free sample;AC=MS:1002038	NT=6550 ifunnel q-tof lc/ms;AC=MS:1002783	NT=Carbamidomethyl;AC=UNIMOD:4;TA=C;MT=Fixed	NT=Oxidation;AC=UNIMOD:35;TA=M;MT=Variable	NT=Trypsin;AC=MS:1001251	NT=collision-induced dissociation;AC=MS:1000133	20 ppm	0.06 Da	1	1	AG-151105_Spot10.mgf	ftp://ftp.pride.ebi.ac.uk/pride/data/archive/2018/12/PXD011199/AG-151105_Spot10.mgf	v1.1.0	NT=ms-proteomics;VV=v1.1.0	manual curation	Epithelial cell
BSA6_chip116_151125_25fmol	mus musculus	Epithelial cell	not applicable	irritable bowel syndrome	1	BSA6_chip116_151125_25fmol	proteomic profiling by mass spectrometry	NT=Data-dependent acquisition;AC=PRIDE:0000627	NT=label free sample;AC=MS:1002038	NT=6550 ifunnel q-tof lc/ms;AC=MS:1002783	NT=Carbamidomethyl;AC=UNIMOD:4;TA=C;MT=Fixed	NT=Oxidation;AC=UNIMOD:35;TA=M;MT=Variable	NT=Trypsin;AC=MS:1001251	NT=collision-induced dissociation;AC=MS:1000133	20 ppm	0.06 Da	1	1	BSA6_chip116_151125_25fmol.mgf	ftp://ftp.pride.ebi.ac.uk/pride/data/archive/2018/12/PXD011199/BSA6_chip116_151125_25fmol.mgf	v1.1.0	NT=ms-proteomics;VV=v1.1.0	manual curation	Epithelial cell
AG-151105_Spot34	mus musculus	Epithelial cell	not applicable	irritable bowel syndrome	1	AG-151105_Spot34	proteomic profiling by mass spectrometry	NT=Data-dependent acquisition;AC=PRIDE:0000627	NT=label free sample;AC=MS:1002038	NT=6550 ifunnel q-tof lc/ms;AC=MS:1002783	NT=Carbamidomethyl;AC=UNIMOD:4;TA=C;MT=Fixed	NT=Oxidation;AC=UNIMOD:35;TA=M;MT=Variable	NT=Trypsin;AC=MS:1001251	NT=collision-induced dissociation;AC=MS:1000133	20 ppm	0.06 Da	1	1	AG-151105_Spot34.mgf	ftp://ftp.pride.ebi.ac.uk/pride/data/archive/2018/12/PXD011199/AG-151105_Spot34.mgf	v1.1.0	NT=ms-proteomics;VV=v1.1.0	manual curation	Epithelial cell
AG-151105_Spot29	mus musculus	Epithelial cell	not applicable	irritable bowel syndrome	1	AG-151105_Spot29	proteomic profiling by mass spectrometry	NT=Data-dependent acquisition;AC=PRIDE:0000627	NT=label free sample;AC=MS:1002038	NT=6550 ifunnel q-tof lc/ms;AC=MS:1002783	NT=Carbamidomethyl;AC=UNIMOD:4;TA=C;MT=Fixed	NT=Oxidation;AC=UNIMOD:35;TA=M;MT=Variable	NT=Trypsin;AC=MS:1001251	NT=collision-induced dissociation;AC=MS:1000133	20 ppm	0.06 Da	1	1	AG-151105_Spot29.mgf	ftp://ftp.pride.ebi.ac.uk/pride/data/archive/2018/12/PXD011199/AG-151105_Spot29.mgf	v1.1.0	NT=ms-proteomics;VV=v1.1.0	manual curation	Epithelial cell
AG-151105_Spot17	mus musculus	Epithelial cell	not applicable	irritable bowel syndrome	1	AG-151105_Spot17	proteomic profiling by mass spectrometry	NT=Data-dependent acquisition;AC=PRIDE:0000627	NT=label free sample;AC=MS:1002038	NT=6550 ifunnel q-tof lc/ms;AC=MS:1002783	NT=Carbamidomethyl;AC=UNIMOD:4;TA=C;MT=Fixed	NT=Oxidation;AC=UNIMOD:35;TA=M;MT=Variable	NT=Trypsin;AC=MS:1001251	NT=collision-induced dissociation;AC=MS:1000133	20 ppm	0.06 Da	1	1	AG-151105_Spot17.mgf	ftp://ftp.pride.ebi.ac.uk/pride/data/archive/2018/12/PXD011199/AG-151105_Spot17.mgf	v1.1.0	NT=ms-proteomics;VV=v1.1.0	manual curation	Epithelial cell
AG-151105_Spot30	mus musculus	Epithelial cell	not applicable	irritable bowel syndrome	1	AG-151105_Spot30	proteomic profiling by mass spectrometry	NT=Data-dependent acquisition;AC=PRIDE:0000627	NT=label free sample;AC=MS:1002038	NT=6550 ifunnel q-tof lc/ms;AC=MS:1002783	NT=Carbamidomethyl;AC=UNIMOD:4;TA=C;MT=Fixed	NT=Oxidation;AC=UNIMOD:35;TA=M;MT=Variable	NT=Trypsin;AC=MS:1001251	NT=collision-induced dissociation;AC=MS:1000133	20 ppm	0.06 Da	1	1	AG-151105_Spot30.mgf	ftp://ftp.pride.ebi.ac.uk/pride/data/archive/2018/12/PXD011199/AG-151105_Spot30.mgf	v1.1.0	NT=ms-proteomics;VV=v1.1.0	manual curation	Epithelial cell
AG-151105_Spot14	mus musculus	Epithelial cell	not applicable	irritable bowel syndrome	1	AG-151105_Spot14	proteomic profiling by mass spectrometry	NT=Data-dependent acquisition;AC=PRIDE:0000627	NT=label free sample;AC=MS:1002038	NT=6550 ifunnel q-tof lc/ms;AC=MS:1002783	NT=Carbamidomethyl;AC=UNIMOD:4;TA=C;MT=Fixed	NT=Oxidation;AC=UNIMOD:35;TA=M;MT=Variable	NT=Trypsin;AC=MS:1001251	NT=collision-induced dissociation;AC=MS:1000133	20 ppm	0.06 Da	1	1	AG-151105_Spot14.mgf	ftp://ftp.pride.ebi.ac.uk/pride/data/archive/2018/12/PXD011199/AG-151105_Spot14.mgf	v1.1.0	NT=ms-proteomics;VV=v1.1.0	manual curation	Epithelial cell
AG-151105_Spot10bis	mus musculus	Epithelial cell	not applicable	irritable bowel syndrome	1	AG-151105_Spot10bis	proteomic profiling by mass spectrometry	NT=Data-dependent acquisition;AC=PRIDE:0000627	NT=label free sample;AC=MS:1002038	NT=6550 ifunnel q-tof lc/ms;AC=MS:1002783	NT=Carbamidomethyl;AC=UNIMOD:4;TA=C;MT=Fixed	NT=Oxidation;AC=UNIMOD:35;TA=M;MT=Variable	NT=Trypsin;AC=MS:1001251	NT=collision-induced dissociation;AC=MS:1000133	20 ppm	0.06 Da	1	1	AG-151105_Spot10bis.mgf	ftp://ftp.pride.ebi.ac.uk/pride/data/archive/2018/12/PXD011199/AG-151105_Spot10bis.mgf	v1.1.0	NT=ms-proteomics;VV=v1.1.0	manual curation	Epithelial cell
AG-151105_Spot41	mus musculus	Epithelial cell	not applicable	irritable bowel syndrome	1	AG-151105_Spot41	proteomic profiling by mass spectrometry	NT=Data-dependent acquisition;AC=PRIDE:0000627	NT=label free sample;AC=MS:1002038	NT=6550 ifunnel q-tof lc/ms;AC=MS:1002783	NT=Carbamidomethyl;AC=UNIMOD:4;TA=C;MT=Fixed	NT=Oxidation;AC=UNIMOD:35;TA=M;MT=Variable	NT=Trypsin;AC=MS:1001251	NT=collision-induced dissociation;AC=MS:1000133	20 ppm	0.06 Da	1	1	AG-151105_Spot41.mgf	ftp://ftp.pride.ebi.ac.uk/pride/data/archive/2018/12/PXD011199/AG-151105_Spot41.mgf	v1.1.0	NT=ms-proteomics;VV=v1.1.0	manual curation	Epithelial cell
AG-151105_Spot12	mus musculus	Epithelial cell	not applicable	irritable bowel syndrome	1	AG-151105_Spot12	proteomic profiling by mass spectrometry	NT=Data-dependent acquisition;AC=PRIDE:0000627	NT=label free sample;AC=MS:1002038	NT=6550 ifunnel q-tof lc/ms;AC=MS:1002783	NT=Carbamidomethyl;AC=UNIMOD:4;TA=C;MT=Fixed	NT=Oxidation;AC=UNIMOD:35;TA=M;MT=Variable	NT=Trypsin;AC=MS:1001251	NT=collision-induced dissociation;AC=MS:1000133	20 ppm	0.06 Da	1	1	AG-151105_Spot12.mgf	ftp://ftp.pride.ebi.ac.uk/pride/data/archive/2018/12/PXD011199/AG-151105_Spot12.mgf	v1.1.0	NT=ms-proteomics;VV=v1.1.0	manual curation	Epithelial cell
AG-151105_Spot16bis	mus musculus	Epithelial cell	not applicable	irritable bowel syndrome	1	AG-151105_Spot16bis	proteomic profiling by mass spectrometry	NT=Data-dependent acquisition;AC=PRIDE:0000627	NT=label free sample;AC=MS:1002038	NT=6550 ifunnel q-tof lc/ms;AC=MS:1002783	NT=Carbamidomethyl;AC=UNIMOD:4;TA=C;MT=Fixed	NT=Oxidation;AC=UNIMOD:35;TA=M;MT=Variable	NT=Trypsin;AC=MS:1001251	NT=collision-induced dissociation;AC=MS:1000133	20 ppm	0.06 Da	1	1	AG-151105_Spot16bis.mgf	ftp://ftp.pride.ebi.ac.uk/pride/data/archive/2018/12/PXD011199/AG-151105_Spot16bis.mgf	v1.1.0	NT=ms-proteomics;VV=v1.1.0	manual curation	Epithelial cell
AG-151105_Spot24bis	mus musculus	Epithelial cell	not applicable	irritable bowel syndrome	1	AG-151105_Spot24bis	proteomic profiling by mass spectrometry	NT=Data-dependent acquisition;AC=PRIDE:0000627	NT=label free sample;AC=MS:1002038	NT=6550 ifunnel q-tof lc/ms;AC=MS:1002783	NT=Carbamidomethyl;AC=UNIMOD:4;TA=C;MT=Fixed	NT=Oxidation;AC=UNIMOD:35;TA=M;MT=Variable	NT=Trypsin;AC=MS:1001251	NT=collision-induced dissociation;AC=MS:1000133	20 ppm	0.06 Da	1	1	AG-151105_Spot24bis.mgf	ftp://ftp.pride.ebi.ac.uk/pride/data/archive/2018/12/PXD011199/AG-151105_Spot24bis.mgf	v1.1.0	NT=ms-proteomics;VV=v1.1.0	manual curation	Epithelial cell
AG-151105_Spot23bis	mus musculus	Epithelial cell	not applicable	irritable bowel syndrome	1	AG-151105_Spot23bis	proteomic profiling by mass spectrometry	NT=Data-dependent acquisition;AC=PRIDE:0000627	NT=label free sample;AC=MS:1002038	NT=6550 ifunnel q-tof lc/ms;AC=MS:1002783	NT=Carbamidomethyl;AC=UNIMOD:4;TA=C;MT=Fixed	NT=Oxidation;AC=UNIMOD:35;TA=M;MT=Variable	NT=Trypsin;AC=MS:1001251	NT=collision-induced dissociation;AC=MS:1000133	20 ppm	0.06 Da	1	1	AG-151105_Spot23bis.mgf	ftp://ftp.pride.ebi.ac.uk/pride/data/archive/2018/12/PXD011199/AG-151105_Spot23bis.mgf	v1.1.0	NT=ms-proteomics;VV=v1.1.0	manual curation	Epithelial cell
AG-151105_Spot31bis	mus musculus	Epithelial cell	not applicable	irritable bowel syndrome	1	AG-151105_Spot31bis	proteomic profiling by mass spectrometry	NT=Data-dependent acquisition;AC=PRIDE:0000627	NT=label free sample;AC=MS:1002038	NT=6550 ifunnel q-tof lc/ms;AC=MS:1002783	NT=Carbamidomethyl;AC=UNIMOD:4;TA=C;MT=Fixed	NT=Oxidation;AC=UNIMOD:35;TA=M;MT=Variable	NT=Trypsin;AC=MS:1001251	NT=collision-induced dissociation;AC=MS:1000133	20 ppm	0.06 Da	1	1	AG-151105_Spot31bis.mgf	ftp://ftp.pride.ebi.ac.uk/pride/data/archive/2018/12/PXD011199/AG-151105_Spot31bis.mgf	v1.1.0	NT=ms-proteomics;VV=v1.1.0	manual curation	Epithelial cell
AG-151105_Spot36	mus musculus	Epithelial cell	not applicable	irritable bowel syndrome	1	AG-151105_Spot36	proteomic profiling by mass spectrometry	NT=Data-dependent acquisition;AC=PRIDE:0000627	NT=label free sample;AC=MS:1002038	NT=6550 ifunnel q-tof lc/ms;AC=MS:1002783	NT=Carbamidomethyl;AC=UNIMOD:4;TA=C;MT=Fixed	NT=Oxidation;AC=UNIMOD:35;TA=M;MT=Variable	NT=Trypsin;AC=MS:1001251	NT=collision-induced dissociation;AC=MS:1000133	20 ppm	0.06 Da	1	1	AG-151105_Spot36.mgf	ftp://ftp.pride.ebi.ac.uk/pride/data/archive/2018/12/PXD011199/AG-151105_Spot36.mgf	v1.1.0	NT=ms-proteomics;VV=v1.1.0	manual curation	Epithelial cell
AG-151105_Spot37	mus musculus	Epithelial cell	not applicable	irritable bowel syndrome	1	AG-151105_Spot37	proteomic profiling by mass spectrometry	NT=Data-dependent acquisition;AC=PRIDE:0000627	NT=label free sample;AC=MS:1002038	NT=6550 ifunnel q-tof lc/ms;AC=MS:1002783	NT=Carbamidomethyl;AC=UNIMOD:4;TA=C;MT=Fixed	NT=Oxidation;AC=UNIMOD:35;TA=M;MT=Variable	NT=Trypsin;AC=MS:1001251	NT=collision-induced dissociation;AC=MS:1000133	20 ppm	0.06 Da	1	1	AG-151105_Spot37.mgf	ftp://ftp.pride.ebi.ac.uk/pride/data/archive/2018/12/PXD011199/AG-151105_Spot37.mgf	v1.1.0	NT=ms-proteomics;VV=v1.1.0	manual curation	Epithelial cell
AG-151105_Spot19	mus musculus	Epithelial cell	not applicable	irritable bowel syndrome	1	AG-151105_Spot19	proteomic profiling by mass spectrometry	NT=Data-dependent acquisition;AC=PRIDE:0000627	NT=label free sample;AC=MS:1002038	NT=6550 ifunnel q-tof lc/ms;AC=MS:1002783	NT=Carbamidomethyl;AC=UNIMOD:4;TA=C;MT=Fixed	NT=Oxidation;AC=UNIMOD:35;TA=M;MT=Variable	NT=Trypsin;AC=MS:1001251	NT=collision-induced dissociation;AC=MS:1000133	20 ppm	0.06 Da	1	1	AG-151105_Spot19.mgf	ftp://ftp.pride.ebi.ac.uk/pride/data/archive/2018/12/PXD011199/AG-151105_Spot19.mgf	v1.1.0	NT=ms-proteomics;VV=v1.1.0	manual curation	Epithelial cell
AG-151105_Spot42	mus musculus	Epithelial cell	not applicable	irritable bowel syndrome	1	AG-151105_Spot42	proteomic profiling by mass spectrometry	NT=Data-dependent acquisition;AC=PRIDE:0000627	NT=label free sample;AC=MS:1002038	NT=6550 ifunnel q-tof lc/ms;AC=MS:1002783	NT=Carbamidomethyl;AC=UNIMOD:4;TA=C;MT=Fixed	NT=Oxidation;AC=UNIMOD:35;TA=M;MT=Variable	NT=Trypsin;AC=MS:1001251	NT=collision-induced dissociation;AC=MS:1000133	20 ppm	0.06 Da	1	1	AG-151105_Spot42.mgf	ftp://ftp.pride.ebi.ac.uk/pride/data/archive/2018/12/PXD011199/AG-151105_Spot42.mgf	v1.1.0	NT=ms-proteomics;VV=v1.1.0	manual curation	Epithelial cell
AG-151105_Spot31	mus musculus	Epithelial cell	not applicable	irritable bowel syndrome	1	AG-151105_Spot31	proteomic profiling by mass spectrometry	NT=Data-dependent acquisition;AC=PRIDE:0000627	NT=label free sample;AC=MS:1002038	NT=6550 ifunnel q-tof lc/ms;AC=MS:1002783	NT=Carbamidomethyl;AC=UNIMOD:4;TA=C;MT=Fixed	NT=Oxidation;AC=UNIMOD:35;TA=M;MT=Variable	NT=Trypsin;AC=MS:1001251	NT=collision-induced dissociation;AC=MS:1000133	20 ppm	0.06 Da	1	1	AG-151105_Spot31.mgf	ftp://ftp.pride.ebi.ac.uk/pride/data/archive/2018/12/PXD011199/AG-151105_Spot31.mgf	v1.1.0	NT=ms-proteomics;VV=v1.1.0	manual curation	Epithelial cell
AG-151105_Spot49	mus musculus	Epithelial cell	not applicable	irritable bowel syndrome	1	AG-151105_Spot49	proteomic profiling by mass spectrometry	NT=Data-dependent acquisition;AC=PRIDE:0000627	NT=label free sample;AC=MS:1002038	NT=6550 ifunnel q-tof lc/ms;AC=MS:1002783	NT=Carbamidomethyl;AC=UNIMOD:4;TA=C;MT=Fixed	NT=Oxidation;AC=UNIMOD:35;TA=M;MT=Variable	NT=Trypsin;AC=MS:1001251	NT=collision-induced dissociation;AC=MS:1000133	20 ppm	0.06 Da	1	1	AG-151105_Spot49.mgf	ftp://ftp.pride.ebi.ac.uk/pride/data/archive/2018/12/PXD011199/AG-151105_Spot49.mgf	v1.1.0	NT=ms-proteomics;VV=v1.1.0	manual curation	Epithelial cell
AG-151105_Spot15	mus musculus	Epithelial cell	not applicable	irritable bowel syndrome	1	AG-151105_Spot15	proteomic profiling by mass spectrometry	NT=Data-dependent acquisition;AC=PRIDE:0000627	NT=label free sample;AC=MS:1002038	NT=6550 ifunnel q-tof lc/ms;AC=MS:1002783	NT=Carbamidomethyl;AC=UNIMOD:4;TA=C;MT=Fixed	NT=Oxidation;AC=UNIMOD:35;TA=M;MT=Variable	NT=Trypsin;AC=MS:1001251	NT=collision-induced dissociation;AC=MS:1000133	20 ppm	0.06 Da	1	1	AG-151105_Spot15.mgf	ftp://ftp.pride.ebi.ac.uk/pride/data/archive/2018/12/PXD011199/AG-151105_Spot15.mgf	v1.1.0	NT=ms-proteomics;VV=v1.1.0	manual curation	Epithelial cell
AG-151105_Spot11bis	mus musculus	Epithelial cell	not applicable	irritable bowel syndrome	1	AG-151105_Spot11bis	proteomic profiling by mass spectrometry	NT=Data-dependent acquisition;AC=PRIDE:0000627	NT=label free sample;AC=MS:1002038	NT=6550 ifunnel q-tof lc/ms;AC=MS:1002783	NT=Carbamidomethyl;AC=UNIMOD:4;TA=C;MT=Fixed	NT=Oxidation;AC=UNIMOD:35;TA=M;MT=Variable	NT=Trypsin;AC=MS:1001251	NT=collision-induced dissociation;AC=MS:1000133	20 ppm	0.06 Da	1	1	AG-151105_Spot11bis.mgf	ftp://ftp.pride.ebi.ac.uk/pride/data/archive/2018/12/PXD011199/AG-151105_Spot11bis.mgf	v1.1.0	NT=ms-proteomics;VV=v1.1.0	manual curation	Epithelial cell
AG-151105_Spot18bis	mus musculus	Epithelial cell	not applicable	irritable bowel syndrome	1	AG-151105_Spot18bis	proteomic profiling by mass spectrometry	NT=Data-dependent acquisition;AC=PRIDE:0000627	NT=label free sample;AC=MS:1002038	NT=6550 ifunnel q-tof lc/ms;AC=MS:1002783	NT=Carbamidomethyl;AC=UNIMOD:4;TA=C;MT=Fixed	NT=Oxidation;AC=UNIMOD:35;TA=M;MT=Variable	NT=Trypsin;AC=MS:1001251	NT=collision-induced dissociation;AC=MS:1000133	20 ppm	0.06 Da	1	1	AG-151105_Spot18bis.mgf	ftp://ftp.pride.ebi.ac.uk/pride/data/archive/2018/12/PXD011199/AG-151105_Spot18bis.mgf	v1.1.0	NT=ms-proteomics;VV=v1.1.0	manual curation	Epithelial cell
AG-151105_Spot45bis	mus musculus	Epithelial cell	not applicable	irritable bowel syndrome	1	AG-151105_Spot45bis	proteomic profiling by mass spectrometry	NT=Data-dependent acquisition;AC=PRIDE:0000627	NT=label free sample;AC=MS:1002038	NT=6550 ifunnel q-tof lc/ms;AC=MS:1002783	NT=Carbamidomethyl;AC=UNIMOD:4;TA=C;MT=Fixed	NT=Oxidation;AC=UNIMOD:35;TA=M;MT=Variable	NT=Trypsin;AC=MS:1001251	NT=collision-induced dissociation;AC=MS:1000133	20 ppm	0.06 Da	1	1	AG-151105_Spot45bis.mgf	ftp://ftp.pride.ebi.ac.uk/pride/data/archive/2018/12/PXD011199/AG-151105_Spot45bis.mgf	v1.1.0	NT=ms-proteomics;VV=v1.1.0	manual curation	Epithelial cell
AG-151105_Spot45	mus musculus	Epithelial cell	not applicable	irritable bowel syndrome	1	AG-151105_Spot45	proteomic profiling by mass spectrometry	NT=Data-dependent acquisition;AC=PRIDE:0000627	NT=label free sample;AC=MS:1002038	NT=6550 ifunnel q-tof lc/ms;AC=MS:1002783	NT=Carbamidomethyl;AC=UNIMOD:4;TA=C;MT=Fixed	NT=Oxidation;AC=UNIMOD:35;TA=M;MT=Variable	NT=Trypsin;AC=MS:1001251	NT=collision-induced dissociation;AC=MS:1000133	20 ppm	0.06 Da	1	1	AG-151105_Spot45.mgf	ftp://ftp.pride.ebi.ac.uk/pride/data/archive/2018/12/PXD011199/AG-151105_Spot45.mgf	v1.1.0	NT=ms-proteomics;VV=v1.1.0	manual curation	Epithelial cell
BSA2_chip116_151125_25fmol	mus musculus	Epithelial cell	not applicable	irritable bowel syndrome	1	BSA2_chip116_151125_25fmol	proteomic profiling by mass spectrometry	NT=Data-dependent acquisition;AC=PRIDE:0000627	NT=label free sample;AC=MS:1002038	NT=6550 ifunnel q-tof lc/ms;AC=MS:1002783	NT=Carbamidomethyl;AC=UNIMOD:4;TA=C;MT=Fixed	NT=Oxidation;AC=UNIMOD:35;TA=M;MT=Variable	NT=Trypsin;AC=MS:1001251	NT=collision-induced dissociation;AC=MS:1000133	20 ppm	0.06 Da	1	1	BSA2_chip116_151125_25fmol.mgf	ftp://ftp.pride.ebi.ac.uk/pride/data/archive/2018/12/PXD011199/BSA2_chip116_151125_25fmol.mgf	v1.1.0	NT=ms-proteomics;VV=v1.1.0	manual curation	Epithelial cell
AG-151105_Spot1	mus musculus	Epithelial cell	not applicable	irritable bowel syndrome	1	AG-151105_Spot1	proteomic profiling by mass spectrometry	NT=Data-dependent acquisition;AC=PRIDE:0000627	NT=label free sample;AC=MS:1002038	NT=6550 ifunnel q-tof lc/ms;AC=MS:1002783	NT=Carbamidomethyl;AC=UNIMOD:4;TA=C;MT=Fixed	NT=Oxidation;AC=UNIMOD:35;TA=M;MT=Variable	NT=Trypsin;AC=MS:1001251	NT=collision-induced dissociation;AC=MS:1000133	20 ppm	0.06 Da	1	1	AG-151105_Spot1.mgf	ftp://ftp.pride.ebi.ac.uk/pride/data/archive/2018/12/PXD011199/AG-151105_Spot1.mgf	v1.1.0	NT=ms-proteomics;VV=v1.1.0	manual curation	Epithelial cell
AG-151105_Spot4	mus musculus	Epithelial cell	not applicable	irritable bowel syndrome	1	AG-151105_Spot4	proteomic profiling by mass spectrometry	NT=Data-dependent acquisition;AC=PRIDE:0000627	NT=label free sample;AC=MS:1002038	NT=6550 ifunnel q-tof lc/ms;AC=MS:1002783	NT=Carbamidomethyl;AC=UNIMOD:4;TA=C;MT=Fixed	NT=Oxidation;AC=UNIMOD:35;TA=M;MT=Variable	NT=Trypsin;AC=MS:1001251	NT=collision-induced dissociation;AC=MS:1000133	20 ppm	0.06 Da	1	1	AG-151105_Spot4.mgf	ftp://ftp.pride.ebi.ac.uk/pride/data/archive/2018/12/PXD011199/AG-151105_Spot4.mgf	v1.1.0	NT=ms-proteomics;VV=v1.1.0	manual curation	Epithelial cell
AG-151105_Spot20	mus musculus	Epithelial cell	not applicable	irritable bowel syndrome	1	AG-151105_Spot20	proteomic profiling by mass spectrometry	NT=Data-dependent acquisition;AC=PRIDE:0000627	NT=label free sample;AC=MS:1002038	NT=6550 ifunnel q-tof lc/ms;AC=MS:1002783	NT=Carbamidomethyl;AC=UNIMOD:4;TA=C;MT=Fixed	NT=Oxidation;AC=UNIMOD:35;TA=M;MT=Variable	NT=Trypsin;AC=MS:1001251	NT=collision-induced dissociation;AC=MS:1000133	20 ppm	0.06 Da	1	1	AG-151105_Spot20.mgf	ftp://ftp.pride.ebi.ac.uk/pride/data/archive/2018/12/PXD011199/AG-151105_Spot20.mgf	v1.1.0	NT=ms-proteomics;VV=v1.1.0	manual curation	Epithelial cell
AG-151105_Spot50	mus musculus	Epithelial cell	not applicable	irritable bowel syndrome	1	AG-151105_Spot50	proteomic profiling by mass spectrometry	NT=Data-dependent acquisition;AC=PRIDE:0000627	NT=label free sample;AC=MS:1002038	NT=6550 ifunnel q-tof lc/ms;AC=MS:1002783	NT=Carbamidomethyl;AC=UNIMOD:4;TA=C;MT=Fixed	NT=Oxidation;AC=UNIMOD:35;TA=M;MT=Variable	NT=Trypsin;AC=MS:1001251	NT=collision-induced dissociation;AC=MS:1000133	20 ppm	0.06 Da	1	1	AG-151105_Spot50.mgf	ftp://ftp.pride.ebi.ac.uk/pride/data/archive/2018/12/PXD011199/AG-151105_Spot50.mgf	v1.1.0	NT=ms-proteomics;VV=v1.1.0	manual curation	Epithelial cell
AG-151105_Spot22	mus musculus	Epithelial cell	not applicable	irritable bowel syndrome	1	AG-151105_Spot22	proteomic profiling by mass spectrometry	NT=Data-dependent acquisition;AC=PRIDE:0000627	NT=label free sample;AC=MS:1002038	NT=6550 ifunnel q-tof lc/ms;AC=MS:1002783	NT=Carbamidomethyl;AC=UNIMOD:4;TA=C;MT=Fixed	NT=Oxidation;AC=UNIMOD:35;TA=M;MT=Variable	NT=Trypsin;AC=MS:1001251	NT=collision-induced dissociation;AC=MS:1000133	20 ppm	0.06 Da	1	1	AG-151105_Spot22.mgf	ftp://ftp.pride.ebi.ac.uk/pride/data/archive/2018/12/PXD011199/AG-151105_Spot22.mgf	v1.1.0	NT=ms-proteomics;VV=v1.1.0	manual curation	Epithelial cell
AG-151105_Spot25	mus musculus	Epithelial cell	not applicable	irritable bowel syndrome	1	AG-151105_Spot25	proteomic profiling by mass spectrometry	NT=Data-dependent acquisition;AC=PRIDE:0000627	NT=label free sample;AC=MS:1002038	NT=6550 ifunnel q-tof lc/ms;AC=MS:1002783	NT=Carbamidomethyl;AC=UNIMOD:4;TA=C;MT=Fixed	NT=Oxidation;AC=UNIMOD:35;TA=M;MT=Variable	NT=Trypsin;AC=MS:1001251	NT=collision-induced dissociation;AC=MS:1000133	20 ppm	0.06 Da	1	1	AG-151105_Spot25.mgf	ftp://ftp.pride.ebi.ac.uk/pride/data/archive/2018/12/PXD011199/AG-151105_Spot25.mgf	v1.1.0	NT=ms-proteomics;VV=v1.1.0	manual curation	Epithelial cell
AG-151105_Spot32	mus musculus	Epithelial cell	not applicable	irritable bowel syndrome	1	AG-151105_Spot32	proteomic profiling by mass spectrometry	NT=Data-dependent acquisition;AC=PRIDE:0000627	NT=label free sample;AC=MS:1002038	NT=6550 ifunnel q-tof lc/ms;AC=MS:1002783	NT=Carbamidomethyl;AC=UNIMOD:4;TA=C;MT=Fixed	NT=Oxidation;AC=UNIMOD:35;TA=M;MT=Variable	NT=Trypsin;AC=MS:1001251	NT=collision-induced dissociation;AC=MS:1000133	20 ppm	0.06 Da	1	1	AG-151105_Spot32.mgf	ftp://ftp.pride.ebi.ac.uk/pride/data/archive/2018/12/PXD011199/AG-151105_Spot32.mgf	v1.1.0	NT=ms-proteomics;VV=v1.1.0	manual curation	Epithelial cell
AG-151105_Spot28	mus musculus	Epithelial cell	not applicable	irritable bowel syndrome	1	AG-151105_Spot28	proteomic profiling by mass spectrometry	NT=Data-dependent acquisition;AC=PRIDE:0000627	NT=label free sample;AC=MS:1002038	NT=6550 ifunnel q-tof lc/ms;AC=MS:1002783	NT=Carbamidomethyl;AC=UNIMOD:4;TA=C;MT=Fixed	NT=Oxidation;AC=UNIMOD:35;TA=M;MT=Variable	NT=Trypsin;AC=MS:1001251	NT=collision-induced dissociation;AC=MS:1000133	20 ppm	0.06 Da	1	1	AG-151105_Spot28.mgf	ftp://ftp.pride.ebi.ac.uk/pride/data/archive/2018/12/PXD011199/AG-151105_Spot28.mgf	v1.1.0	NT=ms-proteomics;VV=v1.1.0	manual curation	Epithelial cell
AG-151105_Spot47	mus musculus	Epithelial cell	not applicable	irritable bowel syndrome	1	AG-151105_Spot47	proteomic profiling by mass spectrometry	NT=Data-dependent acquisition;AC=PRIDE:0000627	NT=label free sample;AC=MS:1002038	NT=6550 ifunnel q-tof lc/ms;AC=MS:1002783	NT=Carbamidomethyl;AC=UNIMOD:4;TA=C;MT=Fixed	NT=Oxidation;AC=UNIMOD:35;TA=M;MT=Variable	NT=Trypsin;AC=MS:1001251	NT=collision-induced dissociation;AC=MS:1000133	20 ppm	0.06 Da	1	1	AG-151105_Spot47.mgf	ftp://ftp.pride.ebi.ac.uk/pride/data/archive/2018/12/PXD011199/AG-151105_Spot47.mgf	v1.1.0	NT=ms-proteomics;VV=v1.1.0	manual curation	Epithelial cell
AG-151105_Spot7	mus musculus	Epithelial cell	not applicable	irritable bowel syndrome	1	AG-151105_Spot7	proteomic profiling by mass spectrometry	NT=Data-dependent acquisition;AC=PRIDE:0000627	NT=label free sample;AC=MS:1002038	NT=6550 ifunnel q-tof lc/ms;AC=MS:1002783	NT=Carbamidomethyl;AC=UNIMOD:4;TA=C;MT=Fixed	NT=Oxidation;AC=UNIMOD:35;TA=M;MT=Variable	NT=Trypsin;AC=MS:1001251	NT=collision-induced dissociation;AC=MS:1000133	20 ppm	0.06 Da	1	1	AG-151105_Spot7.mgf	ftp://ftp.pride.ebi.ac.uk/pride/data/archive/2018/12/PXD011199/AG-151105_Spot7.mgf	v1.1.0	NT=ms-proteomics;VV=v1.1.0	manual curation	Epithelial cell
AG-151105_Spot6	mus musculus	Epithelial cell	not applicable	irritable bowel syndrome	1	AG-151105_Spot6	proteomic profiling by mass spectrometry	NT=Data-dependent acquisition;AC=PRIDE:0000627	NT=label free sample;AC=MS:1002038	NT=6550 ifunnel q-tof lc/ms;AC=MS:1002783	NT=Carbamidomethyl;AC=UNIMOD:4;TA=C;MT=Fixed	NT=Oxidation;AC=UNIMOD:35;TA=M;MT=Variable	NT=Trypsin;AC=MS:1001251	NT=collision-induced dissociation;AC=MS:1000133	20 ppm	0.06 Da	1	1	AG-151105_Spot6.mgf	ftp://ftp.pride.ebi.ac.uk/pride/data/archive/2018/12/PXD011199/AG-151105_Spot6.mgf	v1.1.0	NT=ms-proteomics;VV=v1.1.0	manual curation	Epithelial cell
AG-151105_Spot26bis	mus musculus	Epithelial cell	not applicable	irritable bowel syndrome	1	AG-151105_Spot26bis	proteomic profiling by mass spectrometry	NT=Data-dependent acquisition;AC=PRIDE:0000627	NT=label free sample;AC=MS:1002038	NT=6550 ifunnel q-tof lc/ms;AC=MS:1002783	NT=Carbamidomethyl;AC=UNIMOD:4;TA=C;MT=Fixed	NT=Oxidation;AC=UNIMOD:35;TA=M;MT=Variable	NT=Trypsin;AC=MS:1001251	NT=collision-induced dissociation;AC=MS:1000133	20 ppm	0.06 Da	1	1	AG-151105_Spot26bis.mgf	ftp://ftp.pride.ebi.ac.uk/pride/data/archive/2018/12/PXD011199/AG-151105_Spot26bis.mgf	v1.1.0	NT=ms-proteomics;VV=v1.1.0	manual curation	Epithelial cell
AG-151105_Spot43	mus musculus	Epithelial cell	not applicable	irritable bowel syndrome	1	AG-151105_Spot43	proteomic profiling by mass spectrometry	NT=Data-dependent acquisition;AC=PRIDE:0000627	NT=label free sample;AC=MS:1002038	NT=6550 ifunnel q-tof lc/ms;AC=MS:1002783	NT=Carbamidomethyl;AC=UNIMOD:4;TA=C;MT=Fixed	NT=Oxidation;AC=UNIMOD:35;TA=M;MT=Variable	NT=Trypsin;AC=MS:1001251	NT=collision-induced dissociation;AC=MS:1000133	20 ppm	0.06 Da	1	1	AG-151105_Spot43.mgf	ftp://ftp.pride.ebi.ac.uk/pride/data/archive/2018/12/PXD011199/AG-151105_Spot43.mgf	v1.1.0	NT=ms-proteomics;VV=v1.1.0	manual curation	Epithelial cell
AG-151105_Spot26	mus musculus	Epithelial cell	not applicable	irritable bowel syndrome	1	AG-151105_Spot26	proteomic profiling by mass spectrometry	NT=Data-dependent acquisition;AC=PRIDE:0000627	NT=label free sample;AC=MS:1002038	NT=6550 ifunnel q-tof lc/ms;AC=MS:1002783	NT=Carbamidomethyl;AC=UNIMOD:4;TA=C;MT=Fixed	NT=Oxidation;AC=UNIMOD:35;TA=M;MT=Variable	NT=Trypsin;AC=MS:1001251	NT=collision-induced dissociation;AC=MS:1000133	20 ppm	0.06 Da	1	1	AG-151105_Spot26.mgf	ftp://ftp.pride.ebi.ac.uk/pride/data/archive/2018/12/PXD011199/AG-151105_Spot26.mgf	v1.1.0	NT=ms-proteomics;VV=v1.1.0	manual curation	Epithelial cell
AG-151105_Spot20bis	mus musculus	Epithelial cell	not applicable	irritable bowel syndrome	1	AG-151105_Spot20bis	proteomic profiling by mass spectrometry	NT=Data-dependent acquisition;AC=PRIDE:0000627	NT=label free sample;AC=MS:1002038	NT=6550 ifunnel q-tof lc/ms;AC=MS:1002783	NT=Carbamidomethyl;AC=UNIMOD:4;TA=C;MT=Fixed	NT=Oxidation;AC=UNIMOD:35;TA=M;MT=Variable	NT=Trypsin;AC=MS:1001251	NT=collision-induced dissociation;AC=MS:1000133	20 ppm	0.06 Da	1	1	AG-151105_Spot20bis.mgf	ftp://ftp.pride.ebi.ac.uk/pride/data/archive/2018/12/PXD011199/AG-151105_Spot20bis.mgf	v1.1.0	NT=ms-proteomics;VV=v1.1.0	manual curation	Epithelial cell
AG-151105_Spot25bis	mus musculus	Epithelial cell	not applicable	irritable bowel syndrome	1	AG-151105_Spot25bis	proteomic profiling by mass spectrometry	NT=Data-dependent acquisition;AC=PRIDE:0000627	NT=label free sample;AC=MS:1002038	NT=6550 ifunnel q-tof lc/ms;AC=MS:1002783	NT=Carbamidomethyl;AC=UNIMOD:4;TA=C;MT=Fixed	NT=Oxidation;AC=UNIMOD:35;TA=M;MT=Variable	NT=Trypsin;AC=MS:1001251	NT=collision-induced dissociation;AC=MS:1000133	20 ppm	0.06 Da	1	1	AG-151105_Spot25bis.mgf	ftp://ftp.pride.ebi.ac.uk/pride/data/archive/2018/12/PXD011199/AG-151105_Spot25bis.mgf	v1.1.0	NT=ms-proteomics;VV=v1.1.0	manual curation	Epithelial cell
AG-151105_Spot29bis	mus musculus	Epithelial cell	not applicable	irritable bowel syndrome	1	AG-151105_Spot29bis	proteomic profiling by mass spectrometry	NT=Data-dependent acquisition;AC=PRIDE:0000627	NT=label free sample;AC=MS:1002038	NT=6550 ifunnel q-tof lc/ms;AC=MS:1002783	NT=Carbamidomethyl;AC=UNIMOD:4;TA=C;MT=Fixed	NT=Oxidation;AC=UNIMOD:35;TA=M;MT=Variable	NT=Trypsin;AC=MS:1001251	NT=collision-induced dissociation;AC=MS:1000133	20 ppm	0.06 Da	1	1	AG-151105_Spot29bis.mgf	ftp://ftp.pride.ebi.ac.uk/pride/data/archive/2018/12/PXD011199/AG-151105_Spot29bis.mgf	v1.1.0	NT=ms-proteomics;VV=v1.1.0	manual curation	Epithelial cell
AG-151105_Spot27	mus musculus	Epithelial cell	not applicable	irritable bowel syndrome	1	AG-151105_Spot27	proteomic profiling by mass spectrometry	NT=Data-dependent acquisition;AC=PRIDE:0000627	NT=label free sample;AC=MS:1002038	NT=6550 ifunnel q-tof lc/ms;AC=MS:1002783	NT=Carbamidomethyl;AC=UNIMOD:4;TA=C;MT=Fixed	NT=Oxidation;AC=UNIMOD:35;TA=M;MT=Variable	NT=Trypsin;AC=MS:1001251	NT=collision-induced dissociation;AC=MS:1000133	20 ppm	0.06 Da	1	1	AG-151105_Spot27.mgf	ftp://ftp.pride.ebi.ac.uk/pride/data/archive/2018/12/PXD011199/AG-151105_Spot27.mgf	v1.1.0	NT=ms-proteomics;VV=v1.1.0	manual curation	Epithelial cell
AG-151105_Spot38	mus musculus	Epithelial cell	not applicable	irritable bowel syndrome	1	AG-151105_Spot38	proteomic profiling by mass spectrometry	NT=Data-dependent acquisition;AC=PRIDE:0000627	NT=label free sample;AC=MS:1002038	NT=6550 ifunnel q-tof lc/ms;AC=MS:1002783	NT=Carbamidomethyl;AC=UNIMOD:4;TA=C;MT=Fixed	NT=Oxidation;AC=UNIMOD:35;TA=M;MT=Variable	NT=Trypsin;AC=MS:1001251	NT=collision-induced dissociation;AC=MS:1000133	20 ppm	0.06 Da	1	1	AG-151105_Spot38.mgf	ftp://ftp.pride.ebi.ac.uk/pride/data/archive/2018/12/PXD011199/AG-151105_Spot38.mgf	v1.1.0	NT=ms-proteomics;VV=v1.1.0	manual curation	Epithelial cell
AG-151105_Spot42bis	mus musculus	Epithelial cell	not applicable	irritable bowel syndrome	1	AG-151105_Spot42bis	proteomic profiling by mass spectrometry	NT=Data-dependent acquisition;AC=PRIDE:0000627	NT=label free sample;AC=MS:1002038	NT=6550 ifunnel q-tof lc/ms;AC=MS:1002783	NT=Carbamidomethyl;AC=UNIMOD:4;TA=C;MT=Fixed	NT=Oxidation;AC=UNIMOD:35;TA=M;MT=Variable	NT=Trypsin;AC=MS:1001251	NT=collision-induced dissociation;AC=MS:1000133	20 ppm	0.06 Da	1	1	AG-151105_Spot42bis.mgf	ftp://ftp.pride.ebi.ac.uk/pride/data/archive/2018/12/PXD011199/AG-151105_Spot42bis.mgf	v1.1.0	NT=ms-proteomics;VV=v1.1.0	manual curation	Epithelial cell
AG-151105_Spot18	mus musculus	Epithelial cell	not applicable	irritable bowel syndrome	1	AG-151105_Spot18	proteomic profiling by mass spectrometry	NT=Data-dependent acquisition;AC=PRIDE:0000627	NT=label free sample;AC=MS:1002038	NT=6550 ifunnel q-tof lc/ms;AC=MS:1002783	NT=Carbamidomethyl;AC=UNIMOD:4;TA=C;MT=Fixed	NT=Oxidation;AC=UNIMOD:35;TA=M;MT=Variable	NT=Trypsin;AC=MS:1001251	NT=collision-induced dissociation;AC=MS:1000133	20 ppm	0.06 Da	1	1	AG-151105_Spot18.mgf	ftp://ftp.pride.ebi.ac.uk/pride/data/archive/2018/12/PXD011199/AG-151105_Spot18.mgf	v1.1.0	NT=ms-proteomics;VV=v1.1.0	manual curation	Epithelial cell
AG-151105_Spot44	mus musculus	Epithelial cell	not applicable	irritable bowel syndrome	1	AG-151105_Spot44	proteomic profiling by mass spectrometry	NT=Data-dependent acquisition;AC=PRIDE:0000627	NT=label free sample;AC=MS:1002038	NT=6550 ifunnel q-tof lc/ms;AC=MS:1002783	NT=Carbamidomethyl;AC=UNIMOD:4;TA=C;MT=Fixed	NT=Oxidation;AC=UNIMOD:35;TA=M;MT=Variable	NT=Trypsin;AC=MS:1001251	NT=collision-induced dissociation;AC=MS:1000133	20 ppm	0.06 Da	1	1	AG-151105_Spot44.mgf	ftp://ftp.pride.ebi.ac.uk/pride/data/archive/2018/12/PXD011199/AG-151105_Spot44.mgf	v1.1.0	NT=ms-proteomics;VV=v1.1.0	manual curation	Epithelial cell
AG-151105_Spot16	mus musculus	Epithelial cell	not applicable	irritable bowel syndrome	1	AG-151105_Spot16	proteomic profiling by mass spectrometry	NT=Data-dependent acquisition;AC=PRIDE:0000627	NT=label free sample;AC=MS:1002038	NT=6550 ifunnel q-tof lc/ms;AC=MS:1002783	NT=Carbamidomethyl;AC=UNIMOD:4;TA=C;MT=Fixed	NT=Oxidation;AC=UNIMOD:35;TA=M;MT=Variable	NT=Trypsin;AC=MS:1001251	NT=collision-induced dissociation;AC=MS:1000133	20 ppm	0.06 Da	1	1	AG-151105_Spot16.mgf	ftp://ftp.pride.ebi.ac.uk/pride/data/archive/2018/12/PXD011199/AG-151105_Spot16.mgf	v1.1.0	NT=ms-proteomics;VV=v1.1.0	manual curation	Epithelial cell
AG-151105_Spot39	mus musculus	Epithelial cell	not applicable	irritable bowel syndrome	1	AG-151105_Spot39	proteomic profiling by mass spectrometry	NT=Data-dependent acquisition;AC=PRIDE:0000627	NT=label free sample;AC=MS:1002038	NT=6550 ifunnel q-tof lc/ms;AC=MS:1002783	NT=Carbamidomethyl;AC=UNIMOD:4;TA=C;MT=Fixed	NT=Oxidation;AC=UNIMOD:35;TA=M;MT=Variable	NT=Trypsin;AC=MS:1001251	NT=collision-induced dissociation;AC=MS:1000133	20 ppm	0.06 Da	1	1	AG-151105_Spot39.mgf	ftp://ftp.pride.ebi.ac.uk/pride/data/archive/2018/12/PXD011199/AG-151105_Spot39.mgf	v1.1.0	NT=ms-proteomics;VV=v1.1.0	manual curation	Epithelial cell
AG-151105_Spot24	mus musculus	Epithelial cell	not applicable	irritable bowel syndrome	1	AG-151105_Spot24	proteomic profiling by mass spectrometry	NT=Data-dependent acquisition;AC=PRIDE:0000627	NT=label free sample;AC=MS:1002038	NT=6550 ifunnel q-tof lc/ms;AC=MS:1002783	NT=Carbamidomethyl;AC=UNIMOD:4;TA=C;MT=Fixed	NT=Oxidation;AC=UNIMOD:35;TA=M;MT=Variable	NT=Trypsin;AC=MS:1001251	NT=collision-induced dissociation;AC=MS:1000133	20 ppm	0.06 Da	1	1	AG-151105_Spot24.mgf	ftp://ftp.pride.ebi.ac.uk/pride/data/archive/2018/12/PXD011199/AG-151105_Spot24.mgf	v1.1.0	NT=ms-proteomics;VV=v1.1.0	manual curation	Epithelial cell
AG-151105_Spot2	mus musculus	Epithelial cell	not applicable	irritable bowel syndrome	1	AG-151105_Spot2	proteomic profiling by mass spectrometry	NT=Data-dependent acquisition;AC=PRIDE:0000627	NT=label free sample;AC=MS:1002038	NT=6550 ifunnel q-tof lc/ms;AC=MS:1002783	NT=Carbamidomethyl;AC=UNIMOD:4;TA=C;MT=Fixed	NT=Oxidation;AC=UNIMOD:35;TA=M;MT=Variable	NT=Trypsin;AC=MS:1001251	NT=collision-induced dissociation;AC=MS:1000133	20 ppm	0.06 Da	1	1	AG-151105_Spot2.mgf	ftp://ftp.pride.ebi.ac.uk/pride/data/archive/2018/12/PXD011199/AG-151105_Spot2.mgf	v1.1.0	NT=ms-proteomics;VV=v1.1.0	manual curation	Epithelial cell
